M 3
0.518	0	0
0	0.424	0
0	0	0.855
M 4
0.643	0.0651	0.0181	0
0.0651	0.839	0.00711	0
0.0181	0.00711	0.816	0
0	0	0	0.857
M 5
0.796	-0.00792	0	0.0108	0
-0.00792	0.67	0.0912	0.0102	-0.132
0	0.0912	0.439	0.0668	0.06
0.0108	0.0102	0.0668	0.664	-0.0964
0	-0.132	0.06	-0.0964	0.394
M 6
0.089	0	0	0	0	0
0	0.598	0	0	0	0
0	0	0.811	0	0	0
0	0	0	0.703	0	0
0	0	0	0	0.707	0
0	0	0	0	0	0.738
M 7
0.477	0.0218	-0.0343	0.00634	0.0232	0.0123	-0.0138
0.0218	0.51	0.0675	-0.0125	0.0213	0.0257	-0.0294
-0.0343	0.0675	0.595	-0.089	0.125	0.0769	-0.0977
0.00634	-0.0125	-0.089	0.13	-0.0231	-0.0142	0.018
0.0232	0.0213	0.125	-0.0231	0.555	0.0261	-0.0298
0.0123	0.0257	0.0769	-0.0142	0.0261	0.493	-0.0356
-0.0138	-0.0294	-0.0977	0.018	-0.0298	-0.0356	0.506
M 8
0.783	0.156	0	0	0	0	0.162	-0.127
0.156	0.499	0	0	0	0	-0.181	0.157
0	0	0.862	-0.226	0	0	0	0
0	0	-0.226	0.15	0	0	0	0
0	0	0	0	0.354	0	0	0
0	0	0	0	0	0.462	0	0
0.162	-0.181	0	0	0	0	0.487	0.163
-0.127	0.157	0	0	0	0	0.163	0.781
M 9
0.859	0	0	0	0	0	0	0	0
0	0.105	-0.0842	0.0113	-0.147	5.01e-05	0	0.0806	0
0	-0.0842	0.168	-0.0163	0.212	-7.19e-05	0	-0.116	0
0	0.0113	-0.0163	0.341	-0.0605	1.74e-05	0	-0.0187	-0.374
0	-0.147	0.212	-0.0605	0.631	8.16e-05	0	-0.33	0.0166
0	5.01e-05	-7.19e-05	1.74e-05	8.16e-05	0.0897	0	6.21e-05	0
0	0	0	0	0	0	0.0981	0	0
0	0.0806	-0.116	-0.0187	-0.33	6.21e-05	0	0.329	0.0829
0	0	0	-0.374	0.0166	0	0	0.0829	0.679
M 10
0.828	0	0	0	0	0	0	0	0	0
0	0.356	0	0	0	0	0	0	0	0
0	0	0.339	0	0	0	0	0	0	0
0	0	0	0.67	0	0	0	0	0	0
0	0	0	0	0.438	0	0	0	0	0
0	0	0	0	0	0.879	0	0	0	0
0	0	0	0	0	0	0.893	0	0	0
0	0	0	0	0	0	0	0.741	0	0
0	0	0	0	0	0	0	0	0.347	0
0	0	0	0	0	0	0	0	0	0.989
M 11
0.265	0	0	0	0	0	0	0	0	0	0
0	0.391	0.0551	-0.0602	0	0.0521	0	0	0	-0.0902	0
0	0.0551	0.4	-0.23	0	-0.00924	0.0135	-0.171	0	-0.0313	0
0	-0.0602	-0.23	0.441	0	0.0101	0.0123	-0.157	0	0.0342	0
0	0	0	0	0.717	0	0	0	0	0	0
0	0.0521	-0.00924	0.0101	0	0.693	0	0	0	0.0151	0
0	0	0.0135	0.0123	0	0	0.214	-0.0422	0	0	0
0	0	-0.171	-0.157	0	0	-0.0422	0.747	0	0	0
0	0	0	0	0	0	0	0	0.678	0	0.257
0	-0.0902	-0.0313	0.0342	0	0.0151	0	0	0	0.27	0
0	0	0	0	0	0	0	0	0.257	0	0.513
M 12
0.055	0	0	0	0	0	0	0	0	0	0	0
0	0.0339	0	0	0	0	0	0	0	0	0	0
0	0	0.86	0.174	0	0	0	0.0215	0	0	0	0
0	0	0.174	0.114	0	0	0	0.00475	0	0	0	0
0	0	0	0	0.802	0	0	0	0	0	0	0
0	0	0	0	0	0.475	0.0288	0	0	0.119	0	0
0	0	0	0	0	0.0288	0.259	0	0	0.0936	0	0
0	0	0.0215	0.00475	0	0	0	0.87	0	0	0	0
0	0	0	0	0	0	0	0	0.0655	0	0	0
0	0	0	0	0	0.119	0.0936	0	0	0.825	0	0
0	0	0	0	0	0	0	0	0	0	0.624	0
0	0	0	0	0	0	0	0	0	0	0	0.0505
M 13
0.679	0	0	0	0	-0.0425	0	0	0	-0.0182	0.236	-0.0544	0
0	0.813	0	-0.0154	0.0225	0.0219	0	0	0	-0.0511	0	0	0
0	0	0.489	0.0148	0	0.00162	0	0	0	-0.00377	0	0	0
0	-0.0154	0.0148	0.382	0.00313	-0.0519	0	0	0	0.121	0	0	0
0	0.0225	0	0.00313	0.919	-0.00446	0	0	0	0.0104	0	0	0
-0.0425	0.0219	0.00162	-0.0519	-0.00446	0.417	0	0	0	-0.174	0.036	0.0586	0
0	0	0	0	0	0	0.0973	0	0	0	0	0	0
0	0	0	0	0	0	0	0.841	0	0	0	0	0
0	0	0	0	0	0	0	0	0.473	0	0	0	0
-0.0182	-0.0511	-0.00377	0.121	0.0104	-0.174	0	0	0	0.748	0.0154	0.0251	0
0.236	0	0	0	0	0.036	0	0	0	0.0154	0.224	-0.0466	0
-0.0544	0	0	0	0	0.0586	0	0	0	0.0251	-0.0466	0.476	0
0	0	0	0	0	0	0	0	0	0	0	0	0.00118
M 14
0.231	0	0	0	0	0	0	0	0	0	0	0	-0.125	0
0	0.0465	0	0	-0.0169	0	0.0572	-0.00795	0	0	0	0	0	0.0027
0	0	0.804	0	0	0	0	0	0	0	0	0	0	0
0	0	0	0.301	0	0	0	0	0	0	0	0	0	0
0	-0.0169	0	0	0.782	0	-0.0725	0.0762	0	0	0	0	0	0.183
0	0	0	0	0	0.0303	0	0	0	0	0	0	0	0
0	0.0572	0	0	-0.0725	0	0.278	-0.034	0	0	0	0	0	0.0116
0	-0.00795	0	0	0.0762	0	-0.034	0.408	0	0	0	0	0	-0.0984
0	0	0	0	0	0	0	0	0.378	0.24	0	0	0	0
0	0	0	0	0	0	0	0	0.24	0.534	0	0	0	0
0	0	0	0	0	0	0	0	0	0	0.345	-0.208	0	0
0	0	0	0	0	0	0	0	0	0	-0.208	0.79	0	0
-0.125	0	0	0	0	0	0	0	0	0	0	0	0.352	0
0	0.0027	0	0	0.183	0	0.0116	-0.0984	0	0	0	0	0	0.713
M 15
0.545	-0.00242	0	0	0	0	0	0	0	0.00596	-0.0877	0	0	0	0
-0.00242	0.459	0.0196	-0.0175	0.00303	-0.034	0	0.0578	-0.0106	-0.0467	0.00233	0	0	0	0
0	0.0196	0.687	-0.102	-0.04	-0.00542	0.0363	0.00922	-0.00602	0.00798	0	0	0	0	0
0	-0.0175	-0.102	0.499	-0.0158	0.166	0	-0.283	0.0554	-0.00712	0	0	0	0	0
0	0.00303	-0.04	-0.0158	0.94	-0.000837	0.00561	0.00142	-0.000931	0.00123	0	0	0	0	0
0	-0.034	-0.00542	0.166	-0.000837	0.768	0	0.0326	0.00293	-0.0138	0	0.0358	0	-0.186	0
0	0	0.0363	0	0.00561	0	0.854	0	0.0686	0	0	0	0	0	0
0	0.0578	0.00922	-0.283	0.00142	0.0326	0	0.732	-0.00499	0.0235	0	0.0211	0	-0.109	0
0	-0.0106	-0.00602	0.0554	-0.000931	0.00293	0.0686	-0.00499	0.673	-0.00432	0	0	0	0	0
0.00596	-0.0467	0.00798	-0.00712	0.00123	-0.0138	0	0.0235	-0.00432	0.555	-0.00572	0	0	0	0
-0.0877	0.00233	0	0	0	0	0	0	0	-0.00572	0.538	0	0	0	0
0	0	0	0	0	0.0358	0	0.0211	0	0	0	0.548	0	0.00693	0
0	0	0	0	0	0	0	0	0	0	0	0	0.771	0	0
0	0	0	0	0	-0.186	0	-0.109	0	0	0	0.00693	0	0.514	0
0	0	0	0	0	0	0	0	0	0	0	0	0	0	0.207
M 16
0.553	0	-0.0673	0	0	0	0	0	0	0	0	-0.014	0	0	0	-0.00155
0	0.366	0	0	0	0	0	0	0	0	0	0	0	0	0	0
-0.0673	0	0.396	0	0.0115	0	0	0.000394	0.0206	0	0	0.0365	0	0	0	-0.0039
0	0	0	0.501	0	0	0	0	0	0	0	0	0	0	0	0
0	0	0.0115	0	0.0949	0	0	0.000737	0.0385	0	0	-0.0551	0	0	0	0
0	0	0	0	0	0.444	0	0	0	0	0	0	0	0	0	0
0	0	0	0	0	0	0.832	0	0	0	0	0	0	0	0	0
0	0	0.000394	0	0.000737	0	0	0.71	-0.00048	0	0	-0.00189	0	0	0	0
0	0	0.0206	0	0.0385	0	0	-0.00048	0.684	0	0	-0.0987	0	0	0	0
0	0	0	0	0	0	0	0	0	0.949	0	0	0	0	0	0
0	0	0	0	0	0	0	0	0	0	0.0117	0	0	0	0	0
-0.014	0	0.0365	0	-0.0551	0	0	-0.00189	-0.0987	0	0	0.228	0	0	0	-0.000812
0	0	0	0	0	0	0	0	0	0	0	0	0.297	0	0	0
0	0	0	0	0	0	0	0	0	0	0	0	0	0.803	0	0
0	0	0	0	0	0	0	0	0	0	0	0	0	0	0.951	0
-0.00155	0	-0.0039	0	0	0	0	0	0	0	0	-0.000812	0	0	0	0.172
M 17
0.901	0.001	0.000276	1.25e-05	0.000745	3.19e-05	0.00052	-0.004	-1.33e-05	0.000408	-1.63e-05	0	0	6.72e-05	0.0293	-0.000401	-6.35e-07
0.001	0.456	0.0131	0.000855	-0.101	0.00151	0.0275	-0.19	-0.00091	-0.163	-0.00111	0	0	-0.00017	-0.0243	0.104	-0.0107
0.000276	0.0131	0.376	-0.00317	-0.273	-0.00582	-0.00455	0.00925	0.00337	0.00552	0.00411	0	0	-0.000934	-0.00667	-0.318	0
1.25e-05	0.000855	-0.00317	0.297	-0.00104	-0.0816	-0.000286	0.000582	-0.00574	0.000361	0.0375	-0.00353	0	-0.0244	-0.000304	-0.0022	0
0.000745	-0.101	-0.273	-0.00104	0.546	-0.00194	0.0123	-0.112	0.0011	-0.0184	0.00135	0	0	-0.000565	-0.018	0.0914	0.00219
3.19e-05	0.00151	-0.00582	-0.0816	-0.00194	0.271	-0.000526	0.00107	0.0868	0.000639	0.106	0	0	-0.0241	-0.000772	-0.00401	0
0.00052	0.0275	-0.00455	-0.000286	0.0123	-0.000526	0.268	-0.00906	0.000305	0.00534	0.000372	0	0	-8.45e-05	-0.0126	-0.0156	-0.000252
-0.004	-0.19	0.00925	0.000582	-0.112	0.00107	-0.00906	0.702	-0.000619	-0.0809	-0.000756	0	0	0.000172	0.0969	0.111	-3.37e-05
-1.33e-05	-0.00091	0.00337	-0.00574	0.0011	0.0868	0.000305	-0.000619	0.435	-0.000384	-0.153	0.0244	0	0.026	0.000323	0.00234	0
0.000408	-0.163	0.00552	0.000361	-0.0184	0.000639	0.00534	-0.0809	-0.000384	0.707	-0.000469	0	0	-7.19e-05	-0.00988	0.0222	0.0195
-1.63e-05	-0.00111	0.00411	0.0375	0.00135	0.106	0.000372	-0.000756	-0.153	-0.000469	0.408	-0.0227	0	0.0317	0.000394	0.00285	0
0	0	0	-0.00353	0	0	0	0	0.0244	0	-0.0227	0.306	0	0	0	0	0
0	0	0	0	0	0	0	0	0	0	0	0	0.258	0	0	0	0
6.72e-05	-0.00017	-0.000934	-0.0244	-0.000565	-0.0241	-8.45e-05	0.000172	0.026	-7.19e-05	0.0317	0	0	0.563	-0.00163	-0.000414	0
0.0293	-0.0243	-0.00667	-0.000304	-0.018	-0.000772	-0.0126	0.0969	0.000323	-0.00988	0.000394	0	0	-0.00163	0.192	0.00972	1.54e-05
-0.000401	0.104	-0.318	-0.0022	0.0914	-0.00401	-0.0156	0.111	0.00234	0.0222	0.00285	0	0	-0.000414	0.00972	0.548	-0.00199
-6.35e-07	-0.0107	0	0	0.00219	0	-0.000252	-3.37e-05	0	0.0195	0	0	0	0	1.54e-05	-0.00199	0.956
M 18
0.564	0	0	0	0	0.0967	0	0	0	0	0	0	-0.101	0	0	-0.21	0	0
0	0.678	0	0	0	0	0	0	0	0	0	0	0	0.125	0	0	0	0
0	0	0.408	0	0	0	0	0	0	0	0	0	0	0	0	0	0	0
0	0	0	0.968	0	0	0	0	0	0	0	0	0	0	0	0	0	0
0	0	0	0	0.21	0	0	0	0	0	0	0	0	0	0	0	0	0
0.0967	0	0	0	0	0.625	0	0	0	0	0	0	0.0253	0	0	0.0528	0	0
0	0	0	0	0	0	0.287	0	0	0	0	0	0	0	0	0	0	0
0	0	0	0	0	0	0	0.994	0	0	0	0	0	0	0	0	0	0
0	0	0	0	0	0	0	0	0.418	0	0	0	0	0	0	0	0	0
0	0	0	0	0	0	0	0	0	0.134	0	0	0	0	0	0	0	0
0	0	0	0	0	0	0	0	0	0	0.033	0	0	0	0	0	0	0
0	0	0	0	0	0	0	0	0	0	0	0.882	0	0	0	0	0	0
-0.101	0	0	0	0	0.0253	0	0	0	0	0	0	0.605	0	0.286	0.0974	-0.0493	0
0	0.125	0	0	0	0	0	0	0	0	0	0	0	0.343	0	0	0	0
0	0	0	0	0	0	0	0	0	0	0	0	0.286	0	0.451	-0.137	0.0647	0
-0.21	0	0	0	0	0.0528	0	0	0	0	0	0	0.0974	0	-0.137	0.761	0.0236	0
0	0	0	0	0	0	0	0	0	0	0	0	-0.0493	0	0.0647	0.0236	0.436	0
0	0	0	0	0	0	0	0	0	0	0	0	0	0	0	0	0	0.215
M 19
0.11	0	0	0	0	0	0	0	0	0	0	0	0	0	0	0	0	0	0
0	0.97	0	0	0	0	0	0	0	0	0	0	0	0	0	0	0	0	0
0	0	0.863	0	0	0	0	0	0	0	0	0	0	0	0.271	0	0	0	0
0	0	0	0.27	0.0593	0	0	-0.0193	0	0.00366	0.0039	-0.00415	0	0	0	0	0.00922	0.00211	0.122
0	0	0	0.0593	0.238	0	0	0.0633	0	-0.0197	-0.021	0.0223	0	0	0	0	-0.0496	-0.0114	-0.0108
0	0	0	0	0	0.866	-0.129	0	0	-0.142	0	-0.1	0	0.0548	0	0.0792	0	0.0501	0
0	0	0	0	0	-0.129	0.158	0	0	0.023	0	0.0162	0	-0.065	0	-0.0128	0	-0.0081	0
0	0	0	-0.0193	0.0633	0	0	0.405	0	0.00282	0.00301	-0.0032	0	0	0	0	0.00711	0.00163	0.00353
0	0	0	0	0	0	0	0	0.832	0	0	0	0	0	0	0	0	0	0
0	0	0	0.00366	-0.0197	-0.142	0.023	0.00282	0	0.325	0.0811	-0.154	0	-0.00979	0	0.128	-0.036	0.0777	-0.000668
0	0	0	0.0039	-0.021	0	0	0.00301	0	0.0811	0.363	0.0566	0	0	0	0.238	0.0755	-0.0321	-0.000713
0	0	0	-0.00415	0.0223	-0.1	0.0162	-0.0032	0	-0.154	0.0566	0.488	0	-0.00688	0	0.0911	-0.0224	0.158	0.000757
0	0	0	0	0	0	0	0	0	0	0	0	0.716	0	0	0	0	0	0
0	0	0	0	0	0.0548	-0.065	0	0	-0.00979	0	-0.00688	0	0.0326	0	0.00544	0	0.00344	0
0	0	0.271	0	0	0	0	0	0	0	0	0	0	0	0.31	0	0	0	0
0	0	0	0	0	0.0792	-0.0128	0	0	0.128	0.238	0.0911	0	0.00544	0	0.491	-0.101	-0.0436	0
0	0	0	0.00922	-0.0496	0	0	0.00711	0	-0.036	0.0755	-0.0224	0	0	0	-0.101	0.509	0.0119	-0.00168
0	0	0	0.00211	-0.0114	0.0501	-0.0081	0.00163	0	0.0777	-0.0321	0.158	0	0.00344	0	-0.0436	0.0119	0.724	-0.000385
0	0	0	0.122	-0.0108	0	0	0.00353	0	-0.000668	-0.000713	0.000757	0	0	0	0	-0.00168	-0.000385	0.918
M 20
0.565	0	0	0	-0.00751	-0.00138	0	-0.0238	-0.0427	0	0	0	0	0.00138	-0.0215	-0.0133	0.137	0.0287	0	0.00727
0	0.3	-0.237	0	0	-0.00153	0	0	-0.0252	0	0	0	0	-0.0232	0	0.0808	0	0.032	0	-0.122
0	-0.237	0.371	0	0	0.00178	0	0	-0.0217	0	0	0	0	0.027	0	0.0695	0	-0.0371	0	0.142
0	0	0	0.789	0	0	0	0	0	0	0	0	0	0	0	0	0	0	0	0
-0.00751	0	0	0	0.39	0	0	0	0	0	0	0	0	0	0	0	0.00745	0	0	0
-0.00138	-0.00153	0.00178	0	0	0.673	0	-0.0105	0.00271	0	0	0	0	0.00372	0.05	0.000846	-0.00139	0.0515	0	0.0126
0	0	0	0	0	0	0.346	0	0	0	0	-0.0902	0	0	0	0	0	0	0	0
-0.0238	0	0	0	0	-0.0105	0	0.559	0.0467	0	0	0	0	0.0323	-0.163	0.0146	-0.0239	0.218	0	0.051
-0.0427	-0.0252	-0.0217	0	0	0.00271	0	0.0467	0.152	0	0	0	0	-0.0401	0.0423	-0.0571	-0.0431	-0.0565	0	-0.0072
0	0	0	0	0	0	0	0	0	0.878	0	0	0.182	0	0	0	0	0	0	0
0	0	0	0	0	0	0	0	0	0	0.645	0	0	0	0	0	0	0	0	0
0	0	0	0	0	0	-0.0902	0	0	0	0	0.625	0	0	0	0	0	0	0	0
0	0	0	0	0	0	0	0	0	0.182	0	0	0.729	0	0	0	0	0	0	0
0.00138	-0.0232	0.027	0	0	0.00372	0	0.0323	-0.0401	0	0	0	0	0.571	0.0211	-0.0125	0.00139	-0.0411	0	0.00649
-0.0215	0	0	0	0	0.05	0	-0.163	0.0423	0	0	0	0	0.0211	0.352	0.0132	-0.0217	0.0317	0	0.00364
-0.0133	0.0808	0.0695	0	0	0.000846	0	0.0146	-0.0571	0	0	0	0	-0.0125	0.0132	0.318	-0.0134	-0.0176	0	-0.00224
0.137	0	0	0	0.00745	-0.00139	0	-0.0239	-0.0431	0	0	0	0	0.00139	-0.0217	-0.0134	0.567	0.0289	0	0.00733
0.0287	0.032	-0.0371	0	0	0.0515	0	0.218	-0.0565	0	0	0	0	-0.0411	0.0317	-0.0176	0.0289	0.357	0	-0.0727
0	0	0	0	0	0	0	0	0	0	0	0	0	0	0	0	0	0	0.14	0
0.00727	-0.122	0.142	0	0	0.0126	0	0.051	-0.0072	0	0	0	0	0.00649	0.00364	-0.00224	0.00733	-0.0727	0	0.642
M 21
0.517	0	0	0	0	0	0	0	0	0	0	0	0	0	0	0	0	0	0	0	0
0	0.938	0	0	0	0	0	0	0	0	0	0	0	0	0	0	0	0	0	0	0
0	0	0.0675	0	0	0	0	0	0	0	0	0	0	0	0	0	0	0	0	0	0
0	0	0	0.798	0	0	0	0	0	0	0	0	0	0	0	0	0	0.024	-0.0276	0	0.0449
0	0	0	0	0.532	0.0559	0	0	0	0	0	0.222	0	0	0	0	0	0	0	0	0
0	0	0	0	0.0559	0.22	0	0	0	0	0	0.0373	0	0	0	0	0	0	0	0	0
0	0	0	0	0	0	0.815	0	0	0	0.164	0	0	0	0	0	0	0	0	0	0
0	0	0	0	0	0	0	0.327	0	0	0	0	0	0	0	0	0	0	0	0	0
0	0	0	0	0	0	0	0	0.213	0	0	0	0	0	0	0	0	0	0	0	0
0	0	0	0	0	0	0	0	0	0.67	0	0	0	0	0	0	0	0	0	0	0
0	0	0	0	0	0	0.164	0	0	0	0.424	0	0	0	0	0	0	0	0	0	0
0	0	0	0	0.222	0.0373	0	0	0	0	0	0.347	0	0	0	0	0	0	0	0	0
0	0	0	0	0	0	0	0	0	0	0	0	0.564	0	0	0	0	0	0	0	0
0	0	0	0	0	0	0	0	0	0	0	0	0	0.11	0	0	0	0	0	0	0
0	0	0	0	0	0	0	0	0	0	0	0	0	0	0.374	0	0	0	0	0	0
0	0	0	0	0	0	0	0	0	0	0	0	0	0	0	0.625	0	0	0	0	0
0	0	0	0	0	0	0	0	0	0	0	0	0	0	0	0	0.238	0	0	0	0
0	0	0	0.024	0	0	0	0	0	0	0	0	0	0	0	0	0	0.199	0	0	-0.178
0	0	0	-0.0276	0	0	0	0	0	0	0	0	0	0	0	0	0	0	0.905	0	-0.00371
0	0	0	0	0	0	0	0	0	0	0	0	0	0	0	0	0	0	0	0.668	0
0	0	0	0.0449	0	0	0	0	0	0	0	0	0	0	0	0	0	-0.178	-0.00371	0	0.47
M 22
0.348	-0.000168	-2.22e-05	0	0	0.00452	0	0	0	0	0	0	0.000292	0	0	0	0	0	0	0	-9.75e-05	0
-0.000168	0.308	0.00548	0	0	0.00192	0	0	0	0	-0.044	0	-0.072	0.0551	0	0	0	0	0	0	-0.254	0
-2.22e-05	0.00548	0.553	0.176	0.213	0.000252	0	0	-0.0958	0	0.00257	0	0.0245	-0.00321	0	0	0	0	0	0	0.00317	0
0	0	0.176	0.359	0.0286	0	0	0	-0.0129	0	0.00892	0	0.0134	0.00712	0	0	0	0	0	0	0	0
0	0	0.213	0.0286	0.459	0	0	0	0.181	0	-0.00612	0	0.0162	-0.00489	0	0	0	0	0	0	0	0
0.00452	0.00192	0.000252	0	0	0.297	0	0	0	0	0	0	-0.00332	0	0	0	0	0	0	0	0.00111	0
0	0	0	0	0	0	0.734	0	0	0.0274	0	0	0	0	0	0	0	0	0	0	0	0
0	0	0	0	0	0	0	0.271	0	0	0	0	0	0	0	0	0	0	0	0	0	0
0	0	-0.0958	-0.0129	0.181	0	0	0	0.781	0	0.00275	0	-0.00729	0.0022	0	0	0	0	0	0	0	0
0	0	0	0	0	0	0.0274	0	0	0.936	0	0	0	0	0	0	0	0	0	0	0	0
0	-0.044	0.00257	0.00892	-0.00612	0	0	0	0.00275	0	0.514	0	-0.0337	0.117	0	0	0	0	0	0	-0.0255	0
0	0	0	0	0	0	0	0	0	0	0	0.84	0	0	0	0	0	0	0	0	0	0
0.000292	-0.072	0.0245	0.0134	0.0162	-0.00332	0	0	-0.00729	0	-0.0337	0	0.233	0.0422	0	0	0	0	0	0	-0.0417	0
0	0.0551	-0.00321	0.00712	-0.00489	0	0	0	0.0022	0	0.117	0	0.0422	0.461	0	0	0	0	0	0	0.0319	0
0	0	0	0	0	0	0	0	0	0	0	0	0	0	0.127	0	0	0	0.307	0	0	0
0	0	0	0	0	0	0	0	0	0	0	0	0	0	0	0.988	0	0	0	0	0	0
0	0	0	0	0	0	0	0	0	0	0	0	0	0	0	0	0.287	0	0	0	0	0
0	0	0	0	0	0	0	0	0	0	0	0	0	0	0	0	0	0.111	0	0	0	0
0	0	0	0	0	0	0	0	0	0	0	0	0	0	0.307	0	0	0	0.827	0	0	0
0	0	0	0	0	0	0	0	0	0	0	0	0	0	0	0	0	0	0	0.103	0	0
-9.75e-05	-0.254	0.00317	0	0	0.00111	0	0	0	0	-0.0255	0	-0.0417	0.0319	0	0	0	0	0	0	0.6	0
0	0	0	0	0	0	0	0	0	0	0	0	0	0	0	0	0	0	0	0	0	0.642
M 23
0.217	0	0	0	0	0	0	-0.000314	-0.000604	-0.0335	0.000259	-0.00125	0	0	0	-0.00017	0	0	0.0038	0	-0.000134	-0.0307	0
0	0.507	0	-0.0135	0	-0.00996	0	-0.0307	0.0119	0	-0.0113	0	-0.00618	-0.00811	-0.0427	0.00744	0.0121	0	0.017	0.0181	-0.013	0.0021	-0.00742
0	0	0.755	0	-0.000886	0	0	0.026	0	0	0.00198	0	0	0	0	0.00302	0	0	0	0	-0.0611	0	0
0	-0.0135	0	0.613	0	-0.00649	0	0.0674	-0.0347	0	0.0109	0	0.124	0.0178	-0.0951	-0.00712	-0.0155	0	-0.0218	0.0402	0.0286	-0.00269	0.0205
0	0	-0.000886	0	0.383	0	0	0.000358	0	0	-0.0587	0	0	0	0	-0.0895	0	0	0	0	-0.000843	0	0
0	-0.00996	0	-0.00649	0	0.357	-0.00162	0.0853	-0.0344	0	0.0294	0	0.0401	0.0226	0.0592	-0.0193	-0.0114	0	-0.016	-0.025	0.0363	-0.00198	-0.0218
0	0	0	0	0	-0.00162	0.632	0	0.00111	0	0.00181	0	0	0	0	-0.00118	0	0	0	0	0	0	0
-0.000314	-0.0307	0.026	0.0674	0.000358	0.0853	0	0.614	-0.00676	-0.0248	0.0556	0.0568	0.0143	-0.0142	0.183	-0.0382	-0.0353	0	-0.0533	-0.0772	0.131	0.0245	0.0636
-0.000604	0.0119	0	-0.0347	0	-0.0344	0.00111	-0.00676	0.53	-0.0476	-0.106	0.109	0.00524	0.0138	-0.0708	0.0695	0.0137	0	0.0119	0.0299	-0.00287	0.0612	-0.0376
-0.0335	0	0	0	0	0	0	-0.0248	-0.0476	0.609	0.0204	0.0534	0	0	0	-0.0134	0	0	0.0156	0	-0.0105	-0.126	0
0.000259	-0.0113	0.00198	0.0109	-0.0587	0.0294	0.00181	0.0556	-0.106	0.0204	0.535	-0.0469	0.0229	0.00821	0.0675	0.169	-0.013	0	-0.0152	-0.0286	0.0258	-0.0276	0.0025
-0.00125	0	0	0	0	0	0	0.0568	0.109	0.0534	-0.0469	0.705	0	0	0	0.0307	0	0	0.0059	0	0.0241	-0.0477	0
0	-0.00618	0	0.124	0	0.0401	0	0.0143	0.00524	0	0.0229	0	0.543	0.00379	-0.104	-0.015	-0.0071	0	-0.00996	0.0438	0.00609	-0.00123	-0.00183
0	-0.00811	0	0.0178	0	0.0226	0	-0.0142	0.0138	0	0.00821	0	0.00379	0.766	0.0482	-0.00538	-0.00932	0	-0.0131	-0.0204	-0.00603	-0.00162	0.0168
0	-0.0427	0	-0.0951	0	0.0592	0	0.183	-0.0708	0	0.0675	0	-0.104	0.0482	0.233	-0.0442	-0.0491	0	-0.0688	-0.0808	0.0776	-0.00851	0.0441
-0.00017	0.00744	0.00302	-0.00712	-0.0895	-0.0193	-0.00118	-0.0382	0.0695	-0.0134	0.169	0.0307	-0.015	-0.00538	-0.0442	0.682	0.00855	0	0.00994	0.0187	-0.0128	0.0181	-0.00164
0	0.0121	0	-0.0155	0	-0.0114	0	-0.0353	0.0137	0	-0.013	0	-0.0071	-0.00932	-0.0491	0.00855	0.672	0	-0.0942	0.0208	-0.015	-0.0116	-0.00853
0	0	0	0	0	0	0	0	0	0	0	0	0	0	0	0	0	0.592	0	0	0	0	0
0.0038	0.017	0	-0.0218	0	-0.016	0	-0.0533	0.0119	0.0156	-0.0152	0.0059	-0.00996	-0.0131	-0.0688	0.00994	-0.0942	0	0.606	0.0291	-0.0226	-0.00543	-0.012
0	0.0181	0	0.0402	0	-0.025	0	-0.0772	0.0299	0	-0.0286	0	0.0438	-0.0204	-0.0808	0.0187	0.0208	0	0.0291	0.0765	-0.0328	0.0036	-0.0187
-0.000134	-0.013	-0.0611	0.0286	-0.000843	0.0363	0	0.131	-0.00287	-0.0105	0.0258	0.0241	0.00609	-0.00603	0.0776	-0.0128	-0.015	0	-0.0226	-0.0328	0.361	0.0104	0.027
-0.0307	0.0021	0	-0.00269	0	-0.00198	0	0.0245	0.0612	-0.126	-0.0276	-0.0477	-0.00123	-0.00162	-0.00851	0.0181	-0.0116	0	-0.00543	0.0036	0.0104	0.649	-0.00148
0	-0.00742	0	0.0205	0	-0.0218	0	0.0636	-0.0376	0	0.0025	0	-0.00183	0.0168	0.0441	-0.00164	-0.00853	0	-0.012	-0.0187	0.027	-0.00148	0.373
M 24
0.281	0.0579	0.00104	-0.000648	-0.00906	0.0763	0.0116	0	-0.0325	-0.106	-0.0384	0.0381	-0.0173	0.0678	-0.0689	-0.0488	0.000168	0.00943	0.00801	-0.00285	0.0163	0	-0.00981	-0.0237
0.0579	0.407	-0.0183	0.00263	-0.018	0.112	0.096	0	0.00983	0.00297	-0.0543	0.137	-0.0275	-0.0272	-0.0891	0.039	-0.000682	-0.0392	0.0148	0.0219	0.031	0	0.12	0.0352
0.00104	-0.0183	0.48	0.0204	-0.0248	0.00549	0.00604	0	-0.0598	0.00614	0.00706	0.00247	-0.000501	0.013	-0.0016	0.0396	-0.00529	-0.0123	0.00432	0	0.0446	0	-0.000115	0.0685
-0.000648	0.00263	0.0204	0.845	-0.0298	0	0.0112	0	-0.0233	0.00229	0.0799	-0.00154	0	0.0514	0.000997	-0.0107	-0.116	-0.137	-0.00609	0	-0.0137	0	0	0.0271
-0.00906	-0.018	-0.0248	-0.0298	0.289	0.00498	0.00182	0	-0.00388	0.0181	-0.00927	0.00582	0.0155	-0.00271	-0.0113	0.0166	0.00772	0.0355	0.0306	-0.00291	0.0662	0	-0.016	0.00614
0.0763	0.112	0.00549	0	0.00498	0.384	0.0233	0	-0.0206	0.0832	0.0288	0.0992	-0.117	-0.00833	-0.117	-0.00777	0	0.0183	-0.00847	-0.00626	-0.00703	0	-0.0631	-0.0172
0.0116	0.096	0.00604	0.0112	0.00182	0.0233	0.522	0	-0.00993	-0.000629	0.0294	0.0277	0.00678	0.0169	-0.0178	-0.0115	-0.0029	0.0265	-0.00411	-0.0054	-0.0086	0	-0.0296	-0.00746
0	0	0	0	0	0	0	0.241	0	0	0	0	0	0	0	0	0	0	0	0	0	0	0	0
-0.0325	0.00983	-0.0598	-0.0233	-0.00388	-0.0206	-0.00993	0	0.509	0.142	-0.0209	-0.0115	0.0909	-0.00663	-0.0146	0.0425	0.00604	0.00238	0.00121	0.0128	0.0162	0	-0.00755	-0.0803
-0.106	0.00297	0.00614	0.00229	0.0181	0.0832	-0.000629	0	0.142	0.848	-0.00225	-0.0292	0.0166	0.0127	-0.0274	0.0447	-0.000594	-0.00206	-0.0236	0.000875	-0.0296	0	-0.0639	0.0969
-0.0384	-0.0543	0.00706	0.0799	-0.00927	0.0288	0.0294	0	-0.0209	-0.00225	0.381	0.0762	0.0131	-0.225	0.0591	0.032	-0.0207	-0.165	-0.00963	-0.00779	-0.0217	0	-0.042	0.00014
0.0381	0.137	0.00247	-0.00154	0.00582	0.0992	0.0277	0	-0.0115	-0.0292	0.0762	0.496	0.0716	-0.074	-0.0629	0.00647	0.000399	0.0224	-0.00294	-0.00678	-0.0108	0	-0.0295	-0.0142
-0.0173	-0.0275	-0.000501	0	0.0155	-0.117	0.00678	0	0.0909	0.0166	0.0131	0.0716	0.827	0.00632	-0.0992	0.0234	0	0.00823	0.00128	-0.0106	-0.0342	0	0.071	0.0847
0.0678	-0.0272	0.013	0.0514	-0.00271	-0.00833	0.0169	0	-0.00663	0.0127	-0.225	-0.074	0.00632	0.556	-0.118	-0.0924	-0.0133	-0.109	-0.00922	-0.00398	-0.0197	0	-0.023	-0.000682
-0.0689	-0.0891	-0.0016	0.000997	-0.0113	-0.117	-0.0178	0	-0.0146	-0.0274	0.0591	-0.0629	-0.0992	-0.118	0.347	0.01	-0.000258	-0.0145	0.00791	0.00439	0.0205	0	0.0157	-0.00351
-0.0488	0.039	0.0396	-0.0107	0.0166	-0.00777	-0.0115	0	0.0425	0.0447	0.032	0.00647	0.0234	-0.0924	0.01	0.178	0.00276	0.0102	-0.0131	0.00638	-0.0241	0	0.0351	-0.00111
0.000168	-0.000682	-0.00529	-0.116	0.00772	0	-0.0029	0	0.00604	-0.000594	-0.0207	0.000399	0	-0.0133	-0.000258	0.00276	0.429	0.0355	0.00158	0	0.00356	0	0	-0.00701
0.00943	-0.0392	-0.0123	-0.137	0.0355	0.0183	0.0265	0	0.00238	-0.00206	-0.165	0.0224	0.00823	-0.109	-0.0145	0.0102	0.0355	0.382	0.000782	-0.00655	0.00176	0	-0.0359	-0.0243
0.00801	0.0148	0.00432	-0.00609	0.0306	-0.00847	-0.00411	0	0.00121	-0.0236	-0.00963	-0.00294	0.00128	-0.00922	0.00791	-0.0131	0.00158	0.000782	0.754	0.00234	-0.256	0	0.016	-0.00217
-0.00285	0.0219	0	0	-0.00291	-0.00626	-0.0054	0	0.0128	0.000875	-0.00779	-0.00678	-0.0106	-0.00398	0.00439	0.00638	0	-0.00655	0.00234	0.23	0.00528	0	0.0461	0.0103
0.0163	0.031	0.0446	-0.0137	0.0662	-0.00703	-0.0086	0	0.0162	-0.0296	-0.0217	-0.0108	-0.0342	-0.0197	0.0205	-0.0241	0.00356	0.00176	-0.256	0.00528	0.296	0	0.0276	-0.022
0	0	0	0	0	0	0	0	0	0	0	0	0	0	0	0	0	0	0	0	0	0.24	0	0
-0.00981	0.12	-0.000115	0	-0.016	-0.0631	-0.0296	0	-0.00755	-0.0639	-0.042	-0.0295	0.071	-0.023	0.0157	0.0351	0	-0.0359	0.016	0.0461	0.0276	0	0.341	-0.0035
-0.0237	0.0352	0.0685	0.0271	0.00614	-0.0172	-0.00746	0	-0.0803	0.0969	0.00014	-0.0142	0.0847	-0.000682	-0.00351	-0.00111	-0.00701	-0.0243	-0.00217	0.0103	-0.022	0	-0.0035	0.509
M 25
0.213	0.0147	-0.00697	0.0342	0	0	0	0	-0.0354	0	0.00201	0	-0.0124	0.0427	0	0.0248	0	-0.0304	-0.0178	-0.0304	0.0435	0	0	0.00479	-0.00597
0.0147	0.0537	0.00791	0.00571	0	0	0	0	-0.00591	0	0.000336	0	0.0141	0.00714	0	0.00415	0	-0.0407	-0.00297	-0.00508	0.00726	0	0	0.0008	-0.000997
-0.00697	0.00791	0.362	0	0	0	0	0	-0.0461	0	-0.00501	0	0.166	0	-0.07	-0.0618	0	-0.0164	0	0	0	0	0	0	0.0149
0.0342	0.00571	0	0.491	-0.0414	-0.00454	0	0	0.106	0.00371	0.046	-0.0515	0	0.105	0	-0.0741	-0.000219	-0.0118	-0.157	-0.0893	0.0115	0	-0.0895	0.00102	0.0354
0	0	0	-0.0414	0.365	0.0293	0	0	0	-0.024	-0.037	-0.0964	0	0.0288	0	0	0	0	-0.0733	0.0368	0	0	0	0	-0.0125
0	0	0	-0.00454	0.0293	0.112	0	0	0	0.0377	-0.00406	-0.0106	0	0.00316	0	0	0	0	-0.00805	0.00404	0	0.0019	0	0	-0.00137
0	0	0	0	0	0	0.839	0	0	0	0	0	0	0	0	0	0	0	0	0	0	0	0	0	0
0	0	0	0	0	0	0	0.712	0	0	0	0	0	0	0	0	0	0	0	0	0	0	0	0	0
-0.0354	-0.00591	-0.0461	0.106	0	0	0	0	0.455	0	0.0528	-0.0101	0.0258	-0.118	-0.0362	0.0676	0	0.0122	-0.166	-0.094	-0.0288	0	0	-0.00105	-0.000332
0	0	0	0.00371	-0.024	0.0377	0	0	0	0.128	0.00332	0.00864	0	-0.00258	0	0	0	0	0.00657	-0.0033	0	0.00233	0	0	0.00112
0.00201	0.000336	-0.00501	0.046	-0.037	-0.00406	0	0	0.0528	0.00332	0.096	0.0126	0.00281	-0.0295	-0.00393	-0.00958	0	-0.000696	-0.0416	-0.0409	0.00164	0	0	5.99e-05	-0.0297
0	0	0	-0.0515	-0.0964	-0.0106	0	0	-0.0101	0.00864	0.0126	0.243	0	0.0358	0	0.0071	0.00051	0	-0.0605	0.0457	0	0	0.208	0	0.00235
-0.0124	0.0141	0.166	0	0	0	0	0	0.0258	0	0.00281	0	0.565	0	0.0392	0.0346	0	-0.0292	0	0	0	0	0	0	-0.00833
0.0427	0.00714	0	0.105	0.0288	0.00316	0	0	-0.118	-0.00258	-0.0295	0.0358	0	0.71	0	0.0825	0.000153	-0.0148	0.087	-0.093	-0.00728	0	0.0622	0.00127	-0.0321
0	0	-0.07	0	0	0	0	0	-0.0362	0	-0.00393	0	0.0392	0	0.566	-0.0485	0	0	0	0	0	0	0	0	0.0117
0.0248	0.00415	-0.0618	-0.0741	0	0	0	0	0.0676	0	-0.00958	0.0071	0.0346	0.0825	-0.0485	0.482	0	-0.00857	0.117	0.0659	0.0202	0	0	0.000738	-0.081
0	0	0	-0.000219	0	0	0	0	0	0	0	0.00051	0	0.000153	0	0	0.338	0	-0.000389	0.000195	0	0	0.18	0	0
-0.0304	-0.0407	-0.0164	-0.0118	0	0	0	0	0.0122	0	-0.000696	0	-0.0292	-0.0148	0	-0.00857	0	0.118	0.00615	0.0105	-0.015	0	0	-0.00166	0.00206
-0.0178	-0.00297	0	-0.157	-0.0733	-0.00805	0	0	-0.166	0.00657	-0.0416	-0.0605	0	0.087	0	0.117	-0.000389	0.00615	0.453	0.14	-0.0145	0	-0.158	-0.000529	-0.0453
-0.0304	-0.00508	0	-0.0893	0.0368	0.00404	0	0	-0.094	-0.0033	-0.0409	0.0457	0	-0.093	0	0.0659	0.000195	0.0105	0.14	0.47	-0.0102	0	0.0795	-0.000904	-0.0315
0.0435	0.00726	0	0.0115	0	0	0	0	-0.0288	0	0.00164	0	0	-0.00728	0	0.0202	0	-0.015	-0.0145	-0.0102	0.795	0	0	0.00129	-0.00486
0	0	0	0	0	0.0019	0	0	0	0.00233	0	0	0	0	0	0	0	0	0	0	0	0.158	0	0	0
0	0	0	-0.0895	0	0	0	0	0	0	0	0.208	0	0.0622	0	0	0.18	0	-0.158	0.0795	0	0	0.663	0	0
0.00479	0.0008	0	0.00102	0	0	0	0	-0.00105	0	5.99e-05	0	0	0.00127	0	0.000738	0	-0.00166	-0.000529	-0.000904	0.00129	0	0	0.041	-0.000178
-0.00597	-0.000997	0.0149	0.0354	-0.0125	-0.00137	0	0	-0.000332	0.00112	-0.0297	0.00235	-0.00833	-0.0321	0.0117	-0.081	0	0.00206	-0.0453	-0.0315	-0.00486	0	0	-0.000178	0.203
M 26
0.505	-0.0022	-0.00136	0.00182	0	0.017	-0.0328	-0.00123	-0.00327	-0.0326	-0.00497	-4.85e-05	0.0058	0.115	0.000669	0	-0.0174	-0.00777	0.0191	0	-0.000982	0.00118	-0.279	0.0488	-0.000508	0
-0.0022	0.453	0	0.0832	0	-0.0781	-0.000223	-0.152	-0.107	0.028	0	-0.00381	0.106	0.000781	0.0218	0	-0.0925	0.0357	0.000129	0.0456	-0.014	0.104	-0.00503	-0.002	0	-0.00197
-0.00136	0	0.191	0	-0.00633	0.000151	0.0137	0	0	0	0.0489	-3.23e-05	0	0.00387	0	0	-0.000154	-6.91e-05	0.031	0	0	0	0.00139	5.28e-05	0.0191	0
0.00182	0.0832	0	0.554	0	0.00617	-0.000425	0.0405	-0.00812	-0.014	0	-0.00727	-0.0555	0.00149	0.00166	0	0.00732	-0.00282	0	0.0179	0.00703	-0.0523	0.00178	-0.00381	0	-0.00634
0	0	-0.00633	0	0.835	0	0.291	0	0	0	0.00174	0	0	0.0829	0	0	0	0	0	0	0	0	0	0	0	0
0.017	-0.0781	0.000151	0.00617	0	0.317	-0.000213	0.144	-0.000174	-0.127	0.000551	-0.00451	-0.00119	0.000747	3.55e-05	0	0.0572	0.0604	-0.012	0.0982	0	0.0352	0.0156	-0.00191	0.0203	-0.000487
-0.0328	-0.000223	0.0137	-0.000425	0.291	-0.000213	0.298	0.00012	1.19e-05	-0.00836	-0.00373	-0.00155	8.16e-05	-0.0218	-2.44e-06	0	-0.000337	9.72e-05	-0.000201	-0.000728	0	0	-0.0322	0.0131	0.000363	3.35e-05
-0.00123	-0.152	0	0.0405	0	0.144	0.00012	0.636	-0.0594	0.0156	0	0.00205	0.0605	-0.000421	0.0121	0	0.171	-0.0657	7.22e-05	-0.07	-0.00783	0.0582	-0.00281	0.00108	0	-0.000627
-0.00327	-0.107	0	-0.00812	0	-0.000174	1.19e-05	-0.0594	0.627	-0.00282	0	0.000204	-0.248	-4.19e-05	0.0743	0	-0.000206	7.92e-05	-0.000327	-0.000503	0.00141	-0.0105	0.00407	0.000107	0	0.000178
-0.0326	0.028	0	-0.014	0	-0.127	-0.00836	0.0156	-0.00282	0.479	0	0	-0.0193	0.0293	0.000576	0	0.13	0.058	-0.0127	0	0.00756	-0.0103	-0.0331	0.0124	0.023	0
-0.00497	0	0.0489	0	0.00174	0.000551	-0.00373	0	0	0	0.356	-0.000118	0	-0.00114	0	0	-0.000562	-0.000252	0.113	0	0	0	0.00507	0.000193	0.0697	0
-4.85e-05	-0.00381	-3.23e-05	-0.00727	0	-0.00451	-0.00155	0.00205	0.000204	0	-0.000118	0.474	0.0014	0.00542	-4.18e-05	0	-0.00488	0.00206	0.0011	-0.0125	0	0	4.95e-05	-0.0139	-0.00199	0.000574
0.0058	0.106	0	-0.0555	0	-0.00119	8.16e-05	0.0605	-0.248	-0.0193	0	0.0014	0.547	-0.000286	0.0508	0	-0.0014	0.000541	0.000297	-0.00343	0.00964	-0.0717	-0.000924	0.000732	0	0.00122
0.115	0.000781	0.00387	0.00149	0.0829	0.000747	-0.0218	-0.000421	-4.19e-05	0.0293	-0.00114	0.00542	-0.000286	0.368	8.57e-06	0	0.00118	-0.000341	0.000705	0.00255	0	0	0.113	-0.046	-0.00127	-0.000118
0.000669	0.0218	0	0.00166	0	3.55e-05	-2.44e-06	0.0121	0.0743	0.000576	0	-4.18e-05	0.0508	8.57e-06	0.976	0	4.2e-05	-1.62e-05	6.68e-05	0.000103	-0.000289	0.00215	-0.000833	-2.19e-05	0	-3.64e-05
0	0	0	0	0	0	0	0	0	0	0	0	0	0	0	0.584	0	0	0	0	0	0	0	0	0	0
-0.0174	-0.0925	-0.000154	0.00732	0	0.0572	-0.000337	0.171	-0.000206	0.13	-0.000562	-0.00488	-0.0014	0.00118	4.2e-05	0	0.298	-0.0261	0.0122	0.116	0	-0.0359	-0.0159	-0.00302	-0.0207	-0.000577
-0.00777	0.0357	-6.91e-05	-0.00282	0	0.0604	9.72e-05	-0.0657	7.92e-05	0.058	-0.000252	0.00206	0.000541	-0.000341	-1.62e-05	0	-0.0261	0.421	0.00547	-0.0448	0	-0.0161	-0.00713	0.000873	-0.00926	0.000222
0.0191	0.000129	0.031	0	0	-0.012	-0.000201	7.22e-05	-0.000327	-0.0127	0.113	0.0011	0.000297	0.000705	6.68e-05	0	0.0122	0.00547	0.395	0	0	0.00353	-0.0162	-0.0018	-0.0563	0
0	0.0456	0	0.0179	0	0.0982	-0.000728	-0.07	-0.000503	0	0	-0.0125	-0.00343	0.00255	0.000103	0	0.116	-0.0448	0	0.389	0	0	0	-0.00653	0	-0.00141
-0.000982	-0.014	0	0.00703	0	0	0	-0.00783	0.00141	0.00756	0	0	0.00964	0	-0.000289	0	0	0	0	0	0.367	0.0282	-0.000962	0	0	0
0.00118	0.104	0	-0.0523	0	0.0352	0	0.0582	-0.0105	-0.0103	0	0	-0.0717	0	0.00215	0	-0.0359	-0.0161	0.00353	0	0.0282	0.452	0.00147	0	-0.00637	0
-0.279	-0.00503	0.00139	0.00178	0	0.0156	-0.0322	-0.00281	0.00407	-0.0331	0.00507	4.95e-05	-0.000924	0.113	-0.000833	0	-0.0159	-0.00713	-0.0162	0	-0.000962	0.00147	0.517	0.0476	-0.00545	0
0.0488	-0.002	5.28e-05	-0.00381	0	-0.00191	0.0131	0.00108	0.000107	0.0124	0.000193	-0.0139	0.000732	-0.046	-2.19e-05	0	-0.00302	0.000873	-0.0018	-0.00653	0	0	0.0476	0.473	0.00326	0.000301
-0.000508	0	0.0191	0	0	0.0203	0.000363	0	0	0.023	0.0697	-0.00199	0	-0.00127	0	0	-0.0207	-0.00926	-0.0563	0	0	-0.00637	-0.00545	0.00326	0.447	0
0	-0.00197	0	-0.00634	0	-0.000487	3.35e-05	-0.000627	0.000178	0	0	0.000574	0.00122	-0.000118	-3.64e-05	0	-0.000577	0.000222	0	-0.00141	0	0	0	0.000301	0	0.446
M 27
0.989	0	0	0	0	0	0	0	0	0	0	0	0	0	0	0	0	0	0	0	0	0	0	0	0	0	0
0	0.467	-0.00157	0.0293	-0.00821	-0.000316	0	-0.212	0.000128	-0.000123	0.0509	-0.0112	-0.000419	0.0234	-0.000368	-2.36e-05	-0.114	0	-0.0028	-0.0068	0.000711	0.00916	-0.000211	0	0.0283	0.0462	0.00468
0	-0.00157	0.485	-0.00591	-0.00777	0.0155	-0.0543	0.00227	0.00872	-0.00838	0.00268	0.00128	0.3	0.00349	-0.203	0.0542	-0.00224	0.0114	-0.00645	0.0104	-0.00109	-0.00587	-0.272	0.0146	0.00421	-0.00417	0.00343
0	0.0293	-0.00591	0.766	0.0438	-0.0363	0	0.00167	0.0375	-0.036	0.0289	0.0147	0.000543	0.0339	0.000476	3.05e-05	-0.0345	0	0.0908	0.00154	-0.000161	0.00949	0.000273	0	0.0409	-0.0216	0.00484
0	-0.00821	-0.00777	0.0438	0.563	-0.0467	0	0.0619	-0.0425	0.0408	-0.00773	3.66e-05	0.0161	0.0012	0.0142	0.000907	-0.0716	0	0.0207	0.0716	-0.00749	0.00557	0.00812	0	0.00145	-0.0208	0.00285
0	-0.000316	0.0155	-0.0363	-0.0467	0.592	0.00816	0.0316	0.063	-0.0606	0.0146	0.00865	-0.072	0.0223	0.00685	-0.00965	-0.0446	-0.00172	-0.0488	0.0646	-0.00675	-0.0154	0.0274	-0.00219	0.0269	-0.0222	-0.00884
0	0	-0.0543	0	0	0.00816	0.228	0	0	0	0	0	0.0354	0	-0.0228	0.0116	0.000722	0.00569	0	0	0	0	-0.0304	0.00723	0	0	0
0	-0.212	0.00227	0.00167	0.0619	0.0316	0	0.312	-0.00183	0.00176	0.0761	-0.0186	-0.000823	-0.0192	-0.000723	-4.63e-05	-0.185	0	-0.0103	-0.0146	0.00153	0.019	-0.000414	0	-0.0231	-0.0782	0.0097
0	0.000128	0.00872	0.0375	-0.0425	0.063	0	-0.00183	0.438	0.00532	-0.0108	-0.00503	-0.0628	-0.0129	-0.0552	-0.00353	0.000937	0	0.0147	0	0	-0.011	-0.0316	0	-0.0156	-0.00711	-0.00561
0	-0.000123	-0.00838	-0.036	0.0408	-0.0606	0	0.00176	0.00532	0.438	0.0104	0.00483	0.0604	0.0124	0.053	0.00339	-0.0009	0	-0.0141	0	0	0.0106	0.0304	0	0.015	0.00683	0.00539
0	0.0509	0.00268	0.0289	-0.00773	0.0146	0	0.0761	-0.0108	0.0104	0.929	-0.00921	0.000467	-0.0305	0.00041	2.62e-05	0.0356	0	-0.0217	0.00114	-0.000119	-0.00492	0.000235	0	-0.0368	-0.0136	-0.00251
0	-0.0112	0.00128	0.0147	3.66e-05	0.00865	0	-0.0186	-0.00503	0.00483	-0.00921	0.855	0.000137	0.00281	0.00012	7.69e-06	-0.00177	0	-0.0106	-0.000778	8.13e-05	-0.000532	6.89e-05	0	0.00339	-0.00875	-0.000272
0	-0.000419	0.3	0.000543	0.0161	-0.072	0.0354	-0.000823	-0.0628	0.0604	0.000467	0.000137	0.335	0.000408	-0.246	-0.0886	-0.000805	-0.00745	0.0444	0	0	0.00345	-0.0595	-0.00948	0.000492	0.00223	0.00176
0	0.0234	0.00349	0.0339	0.0012	0.0223	0	-0.0192	-0.0129	0.0124	-0.0305	0.00281	0.000408	0.868	0.000358	2.29e-05	0.0109	0	-0.027	-0.00108	0.000113	-0.0026	0.000205	0	-0.00355	-0.0287	-0.00133
0	-0.000368	-0.203	0.000476	0.0142	0.00685	-0.0228	-0.000723	-0.0552	0.053	0.00041	0.00012	-0.246	0.000358	0.522	0.0405	0.00549	0.00481	0.039	0	0	0.00449	-0.269	0.00612	0.000432	0.00196	-0.00132
0	-2.36e-05	0.0542	3.05e-05	0.000907	-0.00965	0.0116	-4.63e-05	-0.00353	0.00339	2.62e-05	7.69e-06	-0.0886	2.29e-05	0.0405	0.732	-0.000542	-0.00245	0.00249	0	0	-0.0123	0.0319	-0.00311	2.77e-05	0.000125	0.0245
0	-0.114	-0.00224	-0.0345	-0.0716	-0.0446	0.000722	-0.185	0.000937	-0.0009	0.0356	-0.00177	-0.000805	0.0109	0.00549	-0.000542	0.815	-0.000152	0.026	0.0527	-0.00551	-0.0704	0.00522	-0.000194	0.0131	-0.0648	-0.036
0	0	0.0114	0	0	-0.00172	0.00569	0	0	0	0	0	-0.00745	0	0.00481	-0.00245	-0.000152	0.581	0	0	0	0	0.00641	-0.305	0	0	0
0	-0.0028	-0.00645	0.0908	0.0207	-0.0488	0	-0.0103	0.0147	-0.0141	-0.0217	-0.0106	0.0444	-0.027	0.039	0.00249	0.026	0	0.397	0	0	0	0.0223	0	-0.0325	0	0
0	-0.0068	0.0104	0.00154	0.0716	0.0646	0	-0.0146	0	0	0.00114	-0.000778	0	-0.00108	0	0	0.0527	0	0	0.891	-0.072	0.0693	0	0	-0.0013	0.0448	0.0354
0	0.000711	-0.00109	-0.000161	-0.00749	-0.00675	0	0.00153	0	0	-0.000119	8.13e-05	0	0.000113	0	0	-0.00551	0	0	-0.072	0.21	-0.00724	0	0	0.000136	-0.00469	-0.0037
0	0.00916	-0.00587	0.00949	0.00557	-0.0154	0	0.019	-0.011	0.0106	-0.00492	-0.000532	0.00345	-0.0026	0.00449	-0.0123	-0.0704	0	0	0.0693	-0.00724	0.432	0.000638	0	-0.00314	-0.000519	0.173
0	-0.000211	-0.272	0.000273	0.00812	0.0274	-0.0304	-0.000414	-0.0316	0.0304	0.000235	6.89e-05	-0.0595	0.000205	-0.269	0.0319	0.00522	0.00641	0.0223	0	0	0.000638	0.677	0.00815	0.000248	0.00112	0.00303
0	0	0.0146	0	0	-0.00219	0.00723	0	0	0	0	0	-0.00948	0	0.00612	-0.00311	-0.000194	-0.305	0	0	0	0	0.00815	0.433	0	0	0
0	0.0283	0.00421	0.0409	0.00145	0.0269	0	-0.0231	-0.0156	0.015	-0.0368	0.00339	0.000492	-0.00355	0.000432	2.77e-05	0.0131	0	-0.0325	-0.0013	0.000136	-0.00314	0.000248	0	0.867	-0.0346	-0.0016
0	0.0462	-0.00417	-0.0216	-0.0208	-0.0222	0	-0.0782	-0.00711	0.00683	-0.0136	-0.00875	0.00223	-0.0287	0.00196	0.000125	-0.0648	0	0	0.0448	-0.00469	-0.000519	0.00112	0	-0.0346	0.577	-0.000265
0	0.00468	0.00343	0.00484	0.00285	-0.00884	0	0.0097	-0.00561	0.00539	-0.00251	-0.000272	0.00176	-0.00133	-0.00132	0.0245	-0.036	0	0	0.0354	-0.0037	0.173	0.00303	0	-0.0016	-0.000265	0.182
M 28
0.413	0	0	-1.22e-05	-0.00339	-0.00674	0	0.0101	0.00374	0.00802	-0.00974	-0.0757	0	-0.00012	-0.013	-0.0123	-0.00943	0.00294	-0.00957	-0.00251	-0.00138	0	-0.00252	0	0.019	0.000429	-0.0156	0
0	0.395	0	-0.00521	0.00107	-8.58e-05	0	-0.00317	0.0224	0.000102	0	0	0	7.64e-05	0.000337	0.000114	0	-0.00297	-0.00398	0.000792	0.061	0	-0.00345	-0.0273	0.000204	-0.000273	0	0.00214
0	0	0.643	0	0	0	0	0	0.0925	0	0	0	0	0	0	0	0	-0.0769	0	0	-0.034	0	0.0662	0	0	0	0	0
-1.22e-05	-0.00521	0	0.582	-0.000137	-3.83e-06	0.000286	4.47e-05	-0.000174	4.56e-06	7.8e-06	2.74e-07	0	0.00155	1.57e-05	5.06e-06	-1.08e-05	0.104	-0.000283	-1.12e-05	-0.000475	-0.000267	0.121	-0.000513	4.13e-06	-0.00391	6.3e-07	-0.141
-0.00339	0.00107	0	-0.000137	0.501	0.000194	0.000158	0.00166	0.000525	-0.000231	0.00217	7.59e-05	0	-0.0023	-0.000583	-0.000257	-0.00301	0.000155	-0.0202	-0.000414	0.000972	0	-5.38e-05	0	-0.00184	0.00668	0.000175	-1.59e-05
-0.00674	-8.58e-05	0	-3.83e-06	0.000194	0.321	0	-0.000576	-3.03e-05	-0.136	0	0.0375	0	6.91e-06	-0.00924	-0.11	0	-3.17e-06	-0.000722	0.000144	-8.23e-05	0	-3.68e-06	0	0.0154	-2.47e-05	-0.0163	1.28e-06
0	0	0	0.000286	0.000158	0	0.222	-0.000508	0.0196	0	-0.036	0.0101	0	0.00894	-0.00728	0	-0.0648	0.0154	0	0.000127	-0.0072	0.139	-0.0132	0	-0.0044	-0.00834	0.0232	0
0.0101	-0.00317	0	4.47e-05	0.00166	-0.000576	-0.000508	0.519	-0.00156	0.000685	-0.00642	-0.000225	0	0.00322	0.00173	0.000762	0.00891	-0.000461	0.0598	0.0923	-0.00288	-0.000407	0.000159	0	0.00545	-0.00714	-0.000518	4.72e-05
0.00374	0.0224	0.0925	-0.000174	0.000525	-3.03e-05	0.0196	-0.00156	0.344	3.6e-05	-0.000502	-0.0082	0	-0.0122	0.00173	4e-05	-0.0151	-0.00803	-0.0014	0.000389	0.0197	0	0.00619	0.00922	-0.0106	-0.00348	-0.0315	-0.000178
0.00802	0.000102	0	4.56e-06	-0.000231	-0.136	0	0.000685	3.6e-05	0.368	0	-0.0446	0	-8.22e-06	0.011	0.131	0	3.77e-06	0.000859	-0.000171	9.79e-05	0	4.38e-06	0	-0.0184	2.94e-05	0.0194	-1.52e-06
-0.00974	0	0	7.8e-06	0.00217	0	-0.036	-0.00642	-0.000502	0	0.513	0.0251	0	0.0225	-0.0656	0	-0.197	-0.000393	0	0.0016	0.000184	0	0.000338	0	-0.00922	0.00599	0.0905	0
-0.0757	0	0	2.74e-07	7.59e-05	0.0375	0.0101	-0.000225	-0.0082	-0.0446	0.0251	0.615	0	-0.00626	-0.106	0.0685	0.0168	-0.00643	0	5.62e-05	0.00301	0	0.00553	0	0.172	-0.00176	-0.0203	0
0	0	0	0	0	0	0	0	0	0	0	0	0.404	0	0	0	0	0	0	0	0	0	0	0	0	0	0	0
-0.00012	7.64e-05	0	0.00155	-0.0023	6.91e-06	0.00894	0.00322	-0.0122	-8.22e-06	0.0225	-0.00626	0	0.273	0.00451	-9.14e-06	0.0402	-0.0103	-0.000713	-0.000805	0.00452	0.204	0.00732	3.79e-06	0.00267	-0.145	-0.0144	0.00104
-0.013	0.000337	0	1.57e-05	-0.000583	-0.00924	-0.00728	0.00173	0.00173	0.011	-0.0656	-0.106	0	0.00451	0.489	-0.0171	0.0594	0.00127	-0.00451	-0.000432	-0.000267	0	-0.00107	0	0.0774	0.00134	-0.0257	-5.01e-06
-0.0123	0.000114	0	5.06e-06	-0.000257	-0.11	0	0.000762	4e-05	0.131	0	0.0685	0	-9.14e-06	-0.0171	0.428	0	4.19e-06	0.000955	-0.00019	0.000109	0	4.87e-06	0	0.0281	3.27e-05	-0.0297	-1.69e-06
-0.00943	0	0	-1.08e-05	-0.00301	0	-0.0648	0.00891	-0.0151	0	-0.197	0.0168	0	0.0402	0.0594	0	0.602	-0.0119	0	-0.00223	0.00556	0	0.0102	0	0.0653	0.0117	0.0703	0
0.00294	-0.00297	-0.0769	0.104	0.000155	-3.17e-06	0.0154	-0.000461	-0.00803	3.77e-06	-0.000393	-0.00643	0	-0.0103	0.00127	4.19e-06	-0.0119	0.538	-0.000147	0.000115	0.00186	0	0.233	0	-0.00839	5.65e-05	-0.0247	-0.0293
-0.00957	-0.00398	0	-0.000283	-0.0202	-0.000722	0	0.0598	-0.0014	0.000859	0	0	0	-0.000713	-0.00451	0.000955	0	-0.000147	0.513	-0.0149	-0.00382	0	-0.000171	0	-0.00691	0.00255	0	5.91e-05
-0.00251	0.000792	0	-1.12e-05	-0.000414	0.000144	0.000127	0.0923	0.000389	-0.000171	0.0016	5.62e-05	0	-0.000805	-0.000432	-0.00019	-0.00223	0.000115	-0.0149	0.865	0.00072	0.000102	-3.98e-05	0	-0.00136	0.00178	0.000129	-1.18e-05
-0.00138	0.061	-0.034	-0.000475	0.000972	-8.23e-05	-0.0072	-0.00288	0.0197	9.79e-05	0.000184	0.00301	0	0.00452	-0.000267	0.000109	0.00556	0.00186	-0.00382	0.00072	0.39	0	-0.00355	0.0251	0.00413	0.00112	0.0116	-0.000485
0	0	0	-0.000267	0	0	0.139	-0.000407	0	0	0	0	0	0.204	0	0	0	0	0	0.000102	0	0.799	0	0	0	0.0673	0	0
-0.00252	-0.00345	0.0662	0.121	-5.38e-05	-3.68e-06	-0.0132	0.000159	0.00619	4.38e-06	0.000338	0.00553	0	0.00732	-0.00107	4.87e-06	0.0102	0.233	-0.000171	-3.98e-05	-0.00355	0	0.608	0	0.00723	0.0055	0.0212	-0.0341
0	-0.0273	0	-0.000513	0	0	0	0	0.00922	0	0	0	0	3.79e-06	0	0	0	0	0	0	0.0251	0	0	0.62	0	-1.36e-05	0	0
0.019	0.000204	0	4.13e-06	-0.00184	0.0154	-0.0044	0.00545	-0.0106	-0.0184	-0.00922	0.172	0	0.00267	0.0774	0.0281	0.0653	-0.00839	-0.00691	-0.00136	0.00413	0	0.00723	0	0.406	0.000998	0.0331	-3.03e-06
0.000429	-0.000273	0	-0.00391	0.00668	-2.47e-05	-0.00834	-0.00714	-0.00348	2.94e-05	0.00599	-0.00176	0	-0.145	0.00134	3.27e-05	0.0117	5.65e-05	0.00255	0.00178	0.00112	0.0673	0.0055	-1.36e-05	0.000998	0.689	-0.00405	-0.00371
-0.0156	0	0	6.3e-07	0.000175	-0.0163	0.0232	-0.000518	-0.0315	0.0194	0.0905	-0.0203	0	-0.0144	-0.0257	-0.0297	0.0703	-0.0247	0	0.000129	0.0116	0	0.0212	0	0.0331	-0.00405	0.74	0
0	0.00214	0	-0.141	-1.59e-05	1.28e-06	0	4.72e-05	-0.000178	-1.52e-06	0	0	0	0.00104	-5.01e-06	-1.69e-06	0	-0.0293	5.91e-05	-1.18e-05	-0.000485	0	-0.0341	0	-3.03e-06	-0.00371	0	0.122
M 29
0.783	0	0	0	0	0	0	3.91e-05	0	6.58e-05	0	0	0	0	0	0	0	0	0	0	0	0	0.0368	0	0	0	0	0	-1.5e-05
0	0.106	0	0	0	0	0	0	0	0	0	0	0	0	0	0	0	0	0	0	0	0	0	0	0	0	0	0	0
0	0	0.536	0	0	0	0	0	0	0	0	0	0	0	0	0	0	0	0	0	0	0	0	0	0	0	0	0	0
0	0	0	0.249	0	0	0	0	0	0	0	0	0	0	0	0	0	0	0	0	0	0	0	0	0	0	0	0	0
0	0	0	0	0.606	0	0.049	0	0	0	0.147	0	0	0	0	-0.284	0	0	0	0	0	0	0	0	0	0	0	0.00802	0
0	0	0	0	0	0.723	0	0	0	0	0	0	0	0	0	0	0	0	0	0	0	0	0	0	0	0	0	0	0
0	0	0	0	0.049	0	0.207	0	0	0	-0.00874	0	-0.0562	0	0	-0.0346	0	0	0	0.11	0	0	0	0	0	0	0	0.000975	0
3.91e-05	0	0	0	0	0	0	0.49	0	-0.283	0	0	0	0	0	0	0	-0.282	0	0	0	-0.0131	-0.000132	0	-0.0759	0	0.0979	0	0.0238
0	0	0	0	0	0	0	0	0.926	0	0	0	0	0	0	0	0	0	0	0	0	0	0	0	0	0	0	0	0
6.58e-05	0	0	0	0	0	0	-0.283	0	0.197	0	0	0	0	0	0	0	0.192	0	0	0	0.00893	-0.000222	0	0	0	-0.0667	0	0.108
0	0	0	0	0.147	0	-0.00874	0	0	0	0.184	0	0.0188	0	0	-0.104	0	0	0	-0.0366	0	0	0	0	0	0	0	0.00292	0
0	0	0	0	0	0	0	0	0	0	0	0.992	0	0	0	0	0	0	0	0	0	0	0	0	0	0	0	0	0
0	0	0	0	0	0	-0.0562	0	0	0	0.0188	0	0.138	0	0	0	0	0	0	-0.0418	0	0	0	0	0	0	0	0	0
0	0	0	0	0	0	0	0	0	0	0	0	0	0.997	0	0	0	0	0	0	0	0	0	0	0	0	0	0	0
0	0	0	0	0	0	0	0	0	0	0	0	0	0	0.778	0	0	0	0	0	0	0	0	0	0	0	0	0	0
0	0	0	0	-0.284	0	-0.0346	0	0	0	-0.104	0	0	0	0	0.323	0	0	0	0	0	0	0	0	0	0	0	0.00789	0
0	0	0	0	0	0	0	0	0	0	0	0	0	0	0	0	0.405	0	0	0	0	0	0	0	0	0	0	0	0
0	0	0	0	0	0	0	-0.282	0	0.192	0	0	0	0	0	0	0	0.304	0	0	0	0.00972	0	0	0	0	0.0258	0	0.108
0	0	0	0	0	0	0	0	0	0	0	0	0	0	0	0	0	0	0.0245	0	0	0	0	0	0	0	0	0	0
0	0	0	0	0	0	0.11	0	0	0	-0.0366	0	-0.0418	0	0	0	0	0	0	0.128	0	0	0	0	0	0	0	0	0
0	0	0	0	0	0	0	0	0	0	0	0	0	0	0	0	0	0	0	0	0.128	0	0	0	0	0	0	0	0
0	0	0	0	0	0	0	-0.0131	0	0.00893	0	0	0	0	0	0	0	0.00972	0	0	0	0.51	0	0	0	0	-0.00337	0	0.00503
0.0368	0	0	0	0	0	0	-0.000132	0	-0.000222	0	0	0	0	0	0	0	0	0	0	0	0	0.669	0	0	0	0	0	5.06e-05
0	0	0	0	0	0	0	0	0	0	0	0	0	0	0	0	0	0	0	0	0	0	0	0.742	0	0	0	0	0
0	0	0	0	0	0	0	-0.0759	0	0	0	0	0	0	0	0	0	0	0	0	0	0	0	0	0.635	0	0	0	-0.198
0	0	0	0	0	0	0	0	0	0	0	0	0	0	0	0	0	0	0	0	0	0	0	0	0	0.99	0	0	0
0	0	0	0	0	0	0	0.0979	0	-0.0667	0	0	0	0	0	0	0	0.0258	0	0	0	-0.00337	0	0	0	0	0.37	0	-0.0375
0	0	0	0	0.00802	0	0.000975	0	0	0	0.00292	0	0	0	0	0.00789	0	0	0	0	0	0	0	0	0	0	0	0.602	0
