M 6
0.343	0.0353	-0.139	-0.243	-0.0483	0.126
0.0353	0.944	0.00826	0.0144	0.00287	-0.0101
-0.139	0.00826	0.574	-0.176	0.17	0.0291
-0.243	0.0144	-0.176	0.553	0.0351	0.0509
-0.0483	0.00287	0.17	0.0351	0.608	0.0101
0.126	-0.0101	0.0291	0.0509	0.0101	0.921
M 9
0.163	0	0	0	0	0	0	0	0
0	0.493	0	0	0	0	0	0	0
0	0	0.262	0	0	0	0	0	0
0	0	0	0.308	0	0	0	0	0
0	0	0	0	0.201	0	0	0	0
0	0	0	0	0	0.411	0	0	0
0	0	0	0	0	0	0.67	0	0
0	0	0	0	0	0	0	0.121	0
0	0	0	0	0	0	0	0	0.0105
M 12
0.5	0.0262	0.000152	-0.0519	-0.00445	0	0.0279	0.00336	0.0187	0.0414	-0.0184	0.0319
0.0262	0.648	0.0147	0.0151	0.00219	0.00511	-0.0125	-0.000687	-0.000534	-0.0796	0.00341	-0.0275
0.000152	0.0147	0.853	0.00261	0.0078	0.0637	0.00315	-0.000118	-0.00115	0.00807	0.000604	-0.0185
-0.0519	0.0151	0.00261	0.497	-0.105	0	-0.0186	-0.0424	0.00777	0.00586	0.0659	0.054
-0.00445	0.00219	0.0078	-0.105	0.714	0	0.0784	0.00564	0.00342	-0.0681	-0.0387	0.113
0	0.00511	0.0637	0	0	0.858	0	0	0	0	0	-0.00449
0.0279	-0.0125	0.00315	-0.0186	0.0784	0	0.832	0.000647	0.00229	-0.0222	-0.00739	0.0305
0.00336	-0.000687	-0.000118	-0.0424	0.00564	0	0.000647	0.668	-0.000285	-0.000694	0.154	-0.00246
0.0187	-0.000534	-0.00115	0.00777	0.00342	0	0.00229	-0.000285	0.698	-0.0397	0.00166	-0.0169
0.0414	-0.0796	0.00807	0.00586	-0.0681	0	-0.0222	-0.000694	-0.0397	0.452	0.00302	0.0239
-0.0184	0.00341	0.000604	0.0659	-0.0387	0	-0.00739	0.154	0.00166	0.00302	0.309	0.0124
0.0319	-0.0275	-0.0185	0.054	0.113	-0.00449	0.0305	-0.00246	-0.0169	0.0239	0.0124	0.562
M 15
0.568	0.0618	0.0654	-2.99e-05	-4.21e-07	0.000628	-0.000255	-0.0011	-0.000264	8.17e-05	0.000859	-0.00443	0.00543	0.00176	-0.236
0.0618	0.434	-0.302	0.000819	1.15e-05	-0.0172	0.00697	-0.00374	0.00722	-0.00224	-0.0235	0.0204	-0.0252	0.00541	-0.17
0.0654	-0.302	0.733	-0.00181	0.000704	0.0267	-0.0057	0.0149	-0.0378	0.00347	0.0268	-0.0174	0.0175	0.00298	-0.0612
-2.99e-05	0.000819	-0.00181	0.751	-0.00028	0	0.0126	-0.0192	-0.00153	0	0.00498	0.00277	0.00336	0	-9.67e-05
-4.21e-07	1.15e-05	0.000704	-0.00028	0.156	0	0	4.08e-07	-2.15e-05	0	7.01e-05	-0.0174	-0.0229	0	-1.36e-06
0.000628	-0.0172	0.0267	0	0	0.974	0	-0.000607	-0.00274	0.0428	0.00893	-0.00181	0.00221	0	0.00203
-0.000255	0.00697	-0.0057	0.0126	0	0	0.637	0.228	-0.013	0	0.0424	0.000387	-0.000473	0	-0.000823
-0.0011	-0.00374	0.0149	-0.0192	4.08e-07	-0.000607	0.228	0.666	0.0201	-7.91e-05	-0.0653	-0.00102	0.00123	-6.78e-05	0.00265
-0.000264	0.00722	-0.0378	-0.00153	-2.15e-05	-0.00274	-0.013	0.0201	0.836	-0.000357	0.0164	-0.207	0.156	0	-0.000853
8.17e-05	-0.00224	0.00347	0	0	0.0428	0	-7.91e-05	-0.000357	0.65	0.00116	-0.000236	0.000288	0	0.000264
0.000859	-0.0235	0.0268	0.00498	7.01e-05	0.00893	0.0424	-0.0653	0.0164	0.00116	0.788	-0.0668	0.0501	0	0.00278
-0.00443	0.0204	-0.0174	0.00277	-0.0174	-0.00181	0.000387	-0.00102	-0.207	-0.000236	-0.0668	0.539	0.0506	-0.000202	0.00417
0.00543	-0.0252	0.0175	0.00336	-0.0229	0.00221	-0.000473	0.00123	0.156	0.000288	0.0501	0.0506	0.568	0.000247	-0.00506
0.00176	0.00541	0.00298	0	0	0	0	-6.78e-05	0	0	0	-0.000202	0.000247	0.0717	0.00569
-0.236	-0.17	-0.0612	-9.67e-05	-1.36e-06	0.00203	-0.000823	0.00265	-0.000853	0.000264	0.00278	0.00417	-0.00506	0.00569	0.375
M 18
0.572	-0.028	0.000722	0.0455	0.00216	-0.0232	0.0696	0.0433	-0.042	0	0.000924	0	0	-0.00455	0	0.00191	0.0766	-0.00658
-0.028	0.418	0.0131	0	-0.0542	0.0253	0	0	-0.0272	0	-0.0198	0	-0.0475	0.035	0	0.0707	0.143	-0.000266
0.000722	0.0131	0.466	0	-0.00166	0.000743	0	0	-0.00799	0	-0.000607	0	-0.00145	-0.000903	0	0.00217	-0.00368	-7.79e-06
0.0455	0	0	0.327	-0.0658	0.0486	0.144	-0.0636	0.00745	0	-0.0282	0.00343	0	0.0796	-0.00324	-0.0584	-0.0174	0.207
0.00216	-0.0542	-0.00166	-0.0658	0.623	-0.00265	0.0434	-0.00925	0.04	0	-0.0253	0.0204	-0.131	0.00377	-0.0192	0.256	-0.000824	0.145
-0.0232	0.0253	0.000743	0.0486	-0.00265	0.652	0.0695	0.0445	0.0686	0	-0.000736	0.000191	-0.00558	-0.0971	-0.00018	0.0116	-0.08	-0.00887
0.0696	0	0	0.144	0.0434	0.0695	0.436	-0.0339	0.0114	0	0.0186	-0.00171	0	0.122	0.00161	0.0385	-0.0266	-0.138
0.0433	0	0	-0.0636	-0.00925	0.0445	-0.0339	0.677	0.0071	0	-0.00396	0	0	0.0758	0	-0.00821	-0.0166	0.0288
-0.042	-0.0272	-0.00799	0.00745	0.04	0.0686	0.0114	0.0071	0.414	0	0.0146	0	0.0347	0.0323	0	-0.0514	0.182	-0.00184
0	0	0	0	0	0	0	0	0	0.123	0	0	0	0	0	0	0	0
0.000924	-0.0198	-0.000607	-0.0282	-0.0253	-0.000736	0.0186	-0.00396	0.0146	0	0.441	0.00873	0.242	0.00162	-0.00825	0.221	-0.000353	0.062
0	0	0	0.00343	0.0204	0.000191	-0.00171	0	0	0	0.00873	0.228	0	0	0.127	0.0181	0	0.0182
0	-0.0475	-0.00145	0	-0.131	-0.00558	0	0	0.0347	0	0.242	0	0.259	0	0	0.0307	0	5.85e-05
-0.00455	0.035	-0.000903	0.0796	0.00377	-0.0971	0.122	0.0758	0.0323	0	0.00162	0	0	0.545	0	0.00334	-0.0703	-0.0109
0	0	0	-0.00324	-0.0192	-0.00018	0.00161	0	0	0	-0.00825	0.127	0	0	0.243	-0.0171	0	-0.0171
0.00191	0.0707	0.00217	-0.0584	0.256	0.0116	0.0385	-0.00821	-0.0514	0	0.221	0.0181	0.0307	0.00334	-0.0171	0.444	-0.000731	0.128
0.0766	0.143	-0.00368	-0.0174	-0.000824	-0.08	-0.0266	-0.0166	0.182	0	-0.000353	0	0	-0.0703	0	-0.000731	0.248	0.00345
-0.00658	-0.000266	-7.79e-06	0.207	0.145	-0.00887	-0.138	0.0288	-0.00184	0	0.062	0.0182	5.85e-05	-0.0109	-0.0171	0.128	0.00345	0.47
M 21
0.637	0.0982	0	0	0	0	0	0	0	0	0.000232	0	0	0	0	0	0	0	0	0	0.00193
0.0982	0.497	0	0	0	0	0	0	0	0	0.000119	0	0	0	0	0	0	0	0	0	0.000995
0	0	0.917	0	0	0	-0.0326	0	0	0	0	0	0	0	0	0	-0.0651	-0.0085	0	0	0
0	0	0	0.821	0	0	0	0	0	0	0	0	0	0	0.121	0.0874	0	0	0.0768	-0.11	0
0	0	0	0	0.669	0	0	0	0	0	0	0	0	0	0	0	0	0	0	0	0
0	0	0	0	0	0.35	0	0	0.0558	0	0	0	0	0	0	0	0	0	0	0	0
0	0	-0.0326	0	0	0	0.962	0	0	0	0	0	0	0	0	0	-0.061	-0.00796	0	0	0
0	0	0	0	0	0	0	0.715	0	0.0473	0.143	-0.0169	0	0	-0.0641	0	0	0	0.185	0.0582	-0.0171
0	0	0	0	0	0.0558	0	0	0.31	0	0	0	0	0	0	0	0	0	0	0	0
0	0	0	0	0	0	0	0.0473	0	0.39	-0.00855	-0.0519	0	0	0.00763	-0.000358	-0.000379	0.0029	-0.0215	-0.00693	0.00103
0.000232	0.000119	0	0	0	0	0	0.143	0	-0.00855	0.181	0.0203	0	0	-0.0278	0.0102	0.0108	-0.0829	0.0684	0.0252	0.0601
0	0	0	0	0	0	0	-0.0169	0	-0.0519	0.0203	0.263	0	0	0.0015	-0.001	-0.00106	0.00813	-0.00317	-0.00136	-0.00244
0	0	0	0	0	0	0	0	0	0	0	0	0.879	0	0	0	0	0	0	0	0
0	0	0	0	0	0	0	0	0	0	0	0	0	0.559	0	0	0	0	0	0	0
0	0	0	0.121	0	0	0	-0.0641	0	0.00763	-0.0278	0.0015	0	0	0.392	0.0404	0.00279	-0.0214	0.0785	-0.0618	0.00334
0	0	0	0.0874	0	0	0	0	0	-0.000358	0.0102	-0.001	0	0	0.0404	0.409	-0.00114	0.0087	0.0176	-0.0367	-0.00123
0	0	-0.0651	0	0	0	-0.061	0	0	-0.000379	0.0108	-0.00106	0	0	0.00279	-0.00114	0.819	0.0663	-0.00674	-0.00253	-0.0013
0	0	-0.0085	0	0	0	-0.00796	0	0	0.0029	-0.0829	0.00813	0	0	-0.0214	0.0087	0.0663	0.32	0.0516	0.0194	0.00995
0	0	0	0.0768	0	0	0	0.185	0	-0.0215	0.0684	-0.00317	0	0	0.0785	0.0176	-0.00674	0.0516	0.281	-0.0712	-0.0082
0	0	0	-0.11	0	0	0	0.0582	0	-0.00693	0.0252	-0.00136	0	0	-0.0618	-0.0367	-0.00253	0.0194	-0.0712	0.38	-0.00303
0.00193	0.000995	0	0	0	0	0	-0.0171	0	0.00103	0.0601	-0.00244	0	0	0.00334	-0.00123	-0.0013	0.00995	-0.0082	-0.00303	0.674
M 24
0.702	0	0	0	0	0	0	0	0	0	0	0	0	0	0	0	0	0	0	0	0	0	0	0
0	0.469	0	0	0	0	0	0	0	0	0	0	0	0	0	0	0	0	0	0	0	0	0	0
0	0	0.137	0	0	0	0	0	0	0	0	0	0	0	0	0	0	0	0	0	0	0	0	0
0	0	0	0.537	0	0	0	0	0	0	0	0	0	0	0	0	0	0	0.117	0	0	0	0	0
0	0	0	0	0.501	0	0	0	0	0	0	0	0	0	0	0	0	0	0	0	0	0	0	0
0	0	0	0	0	0.306	0	0	0	0	0	0	0	0	0	0	0	0	0	0	0	0	0	0
0	0	0	0	0	0	0.454	0	0	0	0	0	0	0	0	0	0	0	0	0	0	0	0	0
0	0	0	0	0	0	0	0.16	0	0	0	0	0	0	0	0	0	0	0	0	0	0	0	0
0	0	0	0	0	0	0	0	0.329	0	0	0	0	0	0	0	0	0	0	0	0	0	0	0
0	0	0	0	0	0	0	0	0	0.518	0	0	0	0	0	0	0	-0.202	0	0	0	0	0	0
0	0	0	0	0	0	0	0	0	0	0.458	0	0	0	0	0	0	0	0	0	0	0	0	0
0	0	0	0	0	0	0	0	0	0	0	0.674	0	0	0	0	0	0	0	0	0	0	0	0
0	0	0	0	0	0	0	0	0	0	0	0	0.477	0	0	0	0	0	0	0	0	0	0	0
0	0	0	0	0	0	0	0	0	0	0	0	0	0.217	0	0	0	0	0	0	0	0	0	0
0	0	0	0	0	0	0	0	0	0	0	0	0	0	0.878	0	0	0	0	0	0	0	0	0
0	0	0	0	0	0	0	0	0	0	0	0	0	0	0	0.681	0	0	0	0	0	0	0	0
0	0	0	0	0	0	0	0	0	0	0	0	0	0	0	0	0.183	0	0	0	0	0	0	0
0	0	0	0	0	0	0	0	0	-0.202	0	0	0	0	0	0	0	0.625	0	0	0	0	0	0
0	0	0	0.117	0	0	0	0	0	0	0	0	0	0	0	0	0	0	0.416	0	0	0	0	0
0	0	0	0	0	0	0	0	0	0	0	0	0	0	0	0	0	0	0	0.706	0	0	0	0
0	0	0	0	0	0	0	0	0	0	0	0	0	0	0	0	0	0	0	0	0.692	0	0	0
0	0	0	0	0	0	0	0	0	0	0	0	0	0	0	0	0	0	0	0	0	0.779	0	0
0	0	0	0	0	0	0	0	0	0	0	0	0	0	0	0	0	0	0	0	0	0	0.479	0
0	0	0	0	0	0	0	0	0	0	0	0	0	0	0	0	0	0	0	0	0	0	0	0.74
M 27
0.959	0	-9.68e-07	7.18e-06	0	0	-0.000766	-0.00131	-4.67e-05	0	0	-0.00203	0	-3.6e-06	0	0	0	0	-0.000315	-1.83e-06	0	-9.02e-07	0.000811	0	0	-6.89e-05	0
0	0.25	-0.0136	-0.0391	0	0	0	0	0	0	0	0	0.00456	-0.0558	0	0	-0.0262	0	0	-0.0259	0	0.291	0	0	0	-0.00407	0.0131
-9.68e-07	-0.0136	0.748	0.00957	0	0	0	0	0.00167	0	0	-0.000157	-0.0292	0.00629	0	0	0.00643	0	0	-0.197	0	0.00124	0.000344	0	0	0.000998	0.0226
7.18e-06	-0.0391	0.00957	0.336	0	0	0.00116	0.00198	0	0	0	0.00116	0.032	0.00045	0	0	-0.137	0	0.000476	0.0181	0	-0.049	0.000531	0	0	0.0233	0.0916
0	0	0	0	0.504	0	0	0	0	0	-0.0689	0	0	0	0	0	0	0	0	0	0	0	0	0	-0.0721	0	0
0	0	0	0	0	0.314	0	0	0	0	0	0	0	0	0	0	0	0	0	0	0	0	0	0	0	0	0
-0.000766	0	0	0.00116	0	0	0.503	-0.0604	0	0	0	-0.124	0	0	0	0	0	0	-0.157	0	0	0	-0.0566	0	0	-0.0111	0
-0.00131	0	0	0.00198	0	0	-0.0604	0.377	0	0	0	-0.212	0	0	0	0	0	0	-0.0249	0	0	0	-0.0968	0	0	-0.019	0
-4.67e-05	0	0.00167	0	0	0	0	0	0.418	0	0	-0.00757	0	0.00621	0	0	0	0	0	0.00316	0	0.00155	0.0166	0	0	0	0
0	0	0	0	0	0	0	0	0	0.276	0	0	0	0	0	0	0	0	0	0	0	0	0	0	0	0	0
0	0	0	0	-0.0689	0	0	0	0	0	0.322	0	0	0	0	0	0	0	0	0	0	0	0	0	-0.017	0	0
-0.00203	0	-0.000157	0.00116	0	0	-0.124	-0.212	-0.00757	0	0	0.629	0	-0.000584	0	0	0	0	-0.0511	-0.000297	0	-0.000146	0.131	0	0	-0.0112	0
0	0.00456	-0.0292	0.032	0	0	0	0	0	0	0	0	0.276	0.0345	0	0	0.0215	0	0	-0.0553	0	0.00572	0	0	0	0.00333	0.106
-3.6e-06	-0.0558	0.00629	0.00045	0	0	0	0	0.00621	0	0	-0.000584	0.0345	0.392	0	0	0.000302	0	0	0.0119	0	-0.00169	0.00128	0	0	4.69e-05	-0.032
0	0	0	0	0	0	0	0	0	0	0	0	0	0	0.92	0	0	0.0238	0	0	0	0	0	0	0	0	0
0	0	0	0	0	0	0	0	0	0	0	0	0	0	0	0.146	0	0	0	0	0	0	0	0	0	0	0
0	-0.0262	0.00643	-0.137	0	0	0	0	0	0	0	0	0.0215	0.000302	0	0	0.453	0	0	0.0122	0	-0.0329	0	0	0	-0.0143	0.0615
0	0	0	0	0	0	0	0	0	0	0	0	0	0	0.0238	0	0	0.693	0	0	0	0	0	0	0	0	0
-0.000315	0	0	0.000476	0	0	-0.157	-0.0249	0	0	0	-0.0511	0	0	0	0	0	0	0.819	0	0	0	-0.0233	0	0	-0.00457	0
-1.83e-06	-0.0259	-0.197	0.0181	0	0	0	0	0.00316	0	0	-0.000297	-0.0553	0.0119	0	0	0.0122	0	0	0.478	0	0.00235	0.000651	0	0	0.00189	0.0429
0	0	0	0	0	0	0	0	0	0	0	0	0	0	0	0	0	0	0	0	0.479	0	0	0	0	0	0
-9.02e-07	0.291	0.00124	-0.049	0	0	0	0	0.00155	0	0	-0.000146	0.00572	-0.00169	0	0	-0.0329	0	0	0.00235	0	0.4	0.00032	0	0	-0.0051	0.0164
0.000811	0	0.000344	0.000531	0	0	-0.0566	-0.0968	0.0166	0	0	0.131	0	0.00128	0	0	0	0	-0.0233	0.000651	0	0.00032	0.402	0	0	-0.0051	0
0	0	0	0	0	0	0	0	0	0	0	0	0	0	0	0	0	0	0	0	0	0	0	0.0111	0	0	0
0	0	0	0	-0.0721	0	0	0	0	0	-0.017	0	0	0	0	0	0	0	0	0	0	0	0	0	0.778	0	0
-6.89e-05	-0.00407	0.000998	0.0233	0	0	-0.0111	-0.019	0	0	0	-0.0112	0.00333	4.69e-05	0	0	-0.0143	0	-0.00457	0.00189	0	-0.0051	-0.0051	0	0	0.115	0.00954
0	0.0131	0.0226	0.0916	0	0	0	0	0	0	0	0	0.106	-0.032	0	0	0.0615	0	0	0.0429	0	0.0164	0	0	0	0.00954	0.473
M 30
0.15	-0.00283	0.00399	0	-8.09e-05	0.000266	0.000557	0	0.00194	0	-0.0939	0	0	-0.00318	0.000223	-0.00694	-0.0147	0.00144	0.000158	-0.00641	-7.22e-05	0.000406	0.0365	0.000889	0.00318	0	-0.0124	-0.00271	0.00279	-0.00579
-0.00283	0.368	-0.0119	0	-0.00713	-0.000927	0.0346	0.0115	-0.0078	0	-0.00337	0.000452	0	0.00306	0.0151	-0.00235	0.0735	0.00377	0.014	-0.00351	-0.000929	0.0437	0.011	-0.00159	0.0374	0	0.0817	-0.0104	0.0412	-0.0189
0.00399	-0.0119	0.242	0	-0.00993	0.0738	0.128	0	0.0664	0	0.00806	0.0107	0	-0.071	0.0454	0.105	-0.0375	0.0129	0.0194	-0.035	0.0804	-0.000141	0.0154	0.0208	0.0186	0	-0.0377	0.0393	-0.0414	0.0301
0	0	0	0.255	0	0	0	0	0	0	0	0	0	0	0	0	0	0	0	0	0	0	0	0	0	0	0	0	0	0
-8.09e-05	-0.00713	-0.00993	0	0.366	0.0234	0.00169	0	0.00118	0	0.000902	0	0	-0.000224	0.000629	-0.016	0	0.0098	0.088	0	-0.00785	0.00223	0.0026	0.0002	0.00204	0	0.00638	0.0314	0.019	0.0018
0.000266	-0.000927	0.0738	0	0.0234	0.285	-0.0241	0.00565	0.0174	0	-0.00856	-0.00166	0	-0.0283	-0.0128	-0.00183	0.0661	-0.00399	-0.0458	3.71e-05	0.000951	0.0151	-0.0154	0.00706	-0.00562	0	0.052	0.033	-0.132	0.0146
0.000557	0.0346	0.128	0	0.00169	-0.0241	0.564	0	-0.0397	0	0.0618	-0.00496	0	0.0479	-0.12	-0.0249	-0.0132	0.0324	-0.00585	-0.133	-0.0329	-0.00147	-0.0905	-0.0895	0.0371	0	-0.108	0.00412	0.0629	-0.000359
0	0.0115	0	0	0	0.00565	0	0.177	0	0	0	0	0	0	0	0	0	0	0	0	0	0.0396	0	0	-0.0356	0	-0.0103	0	0	0
0.00194	-0.0078	0.0664	0	0.00118	0.0174	-0.0397	0	0.241	0	-0.0216	0	0	-0.163	-0.0231	0.0109	0	0.0258	-0.0023	0	0.108	0.00911	-0.0632	0.0167	0.00834	0	0.00698	0.00196	0.05	-0.0449
0	0	0	0	0	0	0	0	0	0.343	0	0	0	0	0	0	0	0	0	0	0	0	0	0	0	0	0	0	0	0
-0.0939	-0.00337	0.00806	0	0.000902	-0.00856	0.0618	0	-0.0216	0	0.78	0	0	0.0355	0.0272	0.0752	0.0378	-0.00396	-0.00176	0.0386	0.000805	-0.00452	-0.232	-0.0095	-0.0227	0	0.0526	0.035	-0.00769	0.0426
0	0.000452	0.0107	0	0	-0.00166	-0.00496	0	0	0	0	0.57	0	0	-0.00207	0.000151	0	0.00174	0	0	-0.0134	0	-0.00214	0	0	0	-0.000404	-0.00034	0.00337	-0.00395
0	0	0	0	0	0	0	0	0	0	0	0	0.916	0	0	0	0	0	0	0	0	0	0	0	0	0	0	0	0	0
-0.00318	0.00306	-0.071	0	-0.000224	-0.0283	0.0479	0	-0.163	0	0.0355	0	0	0.282	0.0268	-0.0327	0	-0.0308	0.000437	0	-0.127	0.0138	0.0958	-0.0175	0.0126	0	-0.00274	-0.00878	-0.0597	0.0588
0.000223	0.0151	0.0454	0	0.000629	-0.0128	-0.12	0	-0.0231	0	0.0272	-0.00207	0	0.0268	0.815	-0.0131	-0.00553	0.0102	-0.0023	-0.0556	-0.0277	-0.000224	-0.0272	0.174	0.0158	0	-0.0457	0.00105	0.0198	0.00589
-0.00694	-0.00235	0.105	0	-0.016	-0.00183	-0.0249	0	0.0109	0	0.0752	0.000151	0	-0.0327	-0.0131	0.355	0.00185	0.0252	0.00382	0.00184	0.0829	0.00752	0.148	0.00688	0.00601	0	0.0045	0.062	0.0488	0.0224
-0.0147	0.0735	-0.0375	0	0	0.0661	-0.0132	0	0	0	0.0378	0	0	0	-0.00553	0.00185	0.833	-0.018	0	0.112	0	0	0.0441	0	0.0496	0	-0.0528	-0.00418	-0.0349	-0.157
0.00144	0.00377	0.0129	0	0.0098	-0.00399	0.0324	0	0.0258	0	-0.00396	0.00174	0	-0.0308	0.0102	0.0252	-0.018	0.416	-0.0192	-0.0436	0.0202	-0.00292	-0.000477	0.00861	0.00512	0	-0.0269	0.0272	-0.111	-0.00359
0.000158	0.014	0.0194	0	0.088	-0.0458	-0.00585	0	-0.0023	0	-0.00176	0	0	0.000437	-0.0023	0.00382	0	-0.0192	0.285	0	0.0154	-0.00437	-0.00619	-0.000391	-0.004	0	-0.0125	0.000472	-0.0372	-0.00555
-0.00641	-0.00351	-0.035	0	0	3.71e-05	-0.133	0	0	0	0.0386	0	0	0	-0.0556	0.00184	0.112	-0.0436	0	0.59	0	0	-0.00826	0	-0.0446	0	0.15	-0.00414	-0.026	0.0493
-7.22e-05	-0.000929	0.0804	0	-0.00785	0.000951	-0.0329	0	0.108	0	0.000805	-0.0134	0	-0.127	-0.0277	0.0829	0	0.0202	0.0154	0	0.142	0.00199	-0.0147	0.0358	0.00182	0	0.000831	0.022	0.0391	-0.0297
0.000406	0.0437	-0.000141	0	0.00223	0.0151	-0.00147	0.0396	0.00911	0	-0.00452	0	0	0.0138	-0.000224	0.00752	0	-0.00292	-0.00437	0	0.00199	0.187	-0.01	-0.001	-0.13	0	-0.0391	0.0063	-0.00567	-0.00344
0.0365	0.011	0.0154	0	0.0026	-0.0154	-0.0905	0	-0.0632	0	-0.232	-0.00214	0	0.0958	-0.0272	0.148	0.0441	-0.000477	-0.00619	-0.00826	-0.0147	-0.01	0.437	-0.0241	-0.0162	0	0.0213	0.0703	-0.000926	0.00633
0.000889	-0.00159	0.0208	0	0.0002	0.00706	-0.0895	0	0.0167	0	-0.0095	0	0	-0.0175	0.174	0.00688	0	0.00861	-0.000391	0	0.0358	-0.001	-0.0241	0.389	-0.000918	0	0.00142	0.00171	0.0167	-0.0159
0.00318	0.0374	0.0186	0	0.00204	-0.00562	0.0371	-0.0356	0.00834	0	-0.0227	0	0	0.0126	0.0158	0.00601	0.0496	0.00512	-0.004	-0.0446	0.00182	-0.13	-0.0162	-0.000918	0.2	0	-0.0161	0.00776	0.00993	0.0167
0	0	0	0	0	0	0	0	0	0	0	0	0	0	0	0	0	0	0	0	0	0	0	0	0	0.378	0	0	0	0
-0.0124	0.0817	-0.0377	0	0.00638	0.052	-0.108	-0.0103	0.00698	0	0.0526	-0.000404	0	-0.00274	-0.0457	0.0045	-0.0528	-0.0269	-0.0125	0.15	0.000831	-0.0391	0.0213	0.00142	-0.0161	0	0.354	0.00389	-0.0824	-0.0839
-0.00271	-0.0104	0.0393	0	0.0314	0.033	0.00412	0	0.00196	0	0.035	-0.00034	0	-0.00878	0.00105	0.062	-0.00418	0.0272	0.000472	-0.00414	0.022	0.0063	0.0703	0.00171	0.00776	0	0.00389	0.243	0.0527	0.0141
0.00279	0.0412	-0.0414	0	0.019	-0.132	0.0629	0	0.05	0	-0.00769	0.00337	0	-0.0597	0.0198	0.0488	-0.0349	-0.111	-0.0372	-0.026	0.0391	-0.00567	-0.000926	0.0167	0.00993	0	-0.0824	0.0527	0.399	-0.00697
-0.00579	-0.0189	0.0301	0	0.0018	0.0146	-0.000359	0	-0.0449	0	0.0426	-0.00395	0	0.0588	0.00589	0.0224	-0.157	-0.00359	-0.00555	0.0493	-0.0297	-0.00344	0.00633	-0.0159	0.0167	0	-0.0839	0.0141	-0.00697	0.205
M 33
0.582	-0.000765	0	0	0.012	0.0206	-0.00246	-0.00878	0.000154	0.00264	0.000266	0	8e-05	-0.0114	-0.018	0	-0.00142	-4.76e-05	0.0813	0	-0.08	0	-0.00293	0	0	-0.00821	0.00187	-0.000552	0	-0.0114	0	-0.0332	-0.0014
-0.000765	0.274	0	0	-0.00168	0.00132	-0.0208	-0.00366	-0.00173	-0.00128	0.00225	0	0.0121	0.000576	0	0	-0.0479	0.000326	-0.000213	0	0	0	0.0201	0	0	-0.00879	-0.151	-0.04	0	0.0016	0	-0.00289	0.191
0	0	0.308	0	0	0	0	0	0	0	0	0	0	0	0	0	0	0	0	0	0	0	0	0	0	0	0	0	0	0	0	0	0
0	0	0	0.589	0	0	0	0	0	0	0	0	0	0	0	0	0	0	0	0	0	0	0	0.0123	0	0	0	0	0	0	0	0	0
0.012	-0.00168	0	0	0.445	-0.132	-0.0325	0.0258	-0.000983	-0.0169	0.00352	-0.0094	-0.000511	0.00316	0	0	-0.0149	0.000132	-0.0226	0	0	0	0.00815	0	-0.0325	-0.0181	0.0117	-0.00121	0	-0.12	0.0702	0.0541	-0.00309
0.0206	0.00132	0	0	-0.132	0.342	0.0306	0.102	-0.00247	-0.0424	-0.00331	0	-0.00129	0.00844	0	0	0.0139	0.000545	-0.0604	0	0	0	0.0336	0	0	0.0142	-0.0106	0.000956	0	0.125	0	0.1	0.00243
-0.00246	-0.0208	0	0	-0.0325	0.0306	0.355	-0.00763	0.000233	0.00401	0.0221	0	0.000121	-0.00077	0	0	-0.0722	-3.99e-05	0.00551	0	0	0	-0.00246	0	-0.204	0.00864	0.0726	-0.015	0	0.031	0	-0.0114	-0.0382
-0.00878	-0.00366	0	0	0.0258	0.102	-0.00763	0.461	-0.00601	0.00559	0.000825	0	0.0262	-0.00918	0.0141	0	0.00187	0.00017	0.0547	0	0.0625	0	0.0105	0	0	0.0324	0.00332	0.0214	0	-0.0246	0	-0.22	0.00553
0.000154	-0.00173	0	0	-0.000983	-0.00247	0.000233	-0.00601	0.565	0.00744	-2.53e-05	0	0.0121	0.000544	0	0	0.00108	0.00031	-0.000332	0	0	0	0.0191	0	0	0	0.00144	0.00498	0	0.000937	0	0.000732	0
0.00264	-0.00128	0	0	-0.0169	-0.0424	0.00401	0.00559	0.00744	0.715	-0.000433	0	0.00931	0.000621	0	0	0.00246	0.000297	-0.00692	0	0	0	0.0183	0	0	0	-5.09e-06	0.0037	0	0.0161	0	0.0126	0
0.000266	0.00225	0	0	0.00352	-0.00331	0.0221	0.000825	-2.53e-05	-0.000433	0.557	0	-1.31e-05	8.33e-05	0	0	0.0078	4.31e-06	-0.000596	0	0	0	0.000266	0	0.0221	-0.000934	-0.00785	0.00163	0	-0.00335	0	0.00123	0.00414
0	0	0	0	-0.0094	0	0	0	0	0	0	0.606	0	0	0	0	0	0	0	0	0	0	0	0	0	0	0	0	0	-0.00987	-0.0416	0	0
8e-05	0.0121	0	0	-0.000511	-0.00129	0.000121	0.0262	0.0121	0.00931	-1.31e-05	0	0.516	0.00276	0	0	-0.00682	-0.00119	0.000174	0	0	0	-0.0737	0	0	0	-0.0106	-0.0351	0	0.000487	0	0.00038	0
-0.0114	0.000576	0	0	0.00316	0.00844	-0.00077	-0.00918	0.000544	0.000621	8.33e-05	0	0.00276	0.156	-0.00655	0	-0.000618	2.67e-05	-0.0338	0	-0.0291	0	0.00165	0	0	0.000433	-0.000313	-0.00152	0	-0.00301	0	-0.00777	7.39e-05
-0.018	0	0	0	0	0	0	0.0141	0	0	0	0	0	-0.00655	0.473	0	0	7.99e-05	0.0469	0	-0.137	0	0.00493	0	0	0	0	0	0	0	0	0.0165	0
0	0	0	0	0	0	0	0	0	0	0	0	0	0	0	0.595	0	0	0	0	0	0	0	0	0	0	0	0	0	0	0	0	0
-0.00142	-0.0479	0	0	-0.0149	0.0139	-0.0722	0.00187	0.00108	0.00246	0.0078	0	-0.00682	-0.000618	0	0	0.396	-0.000184	0.00221	0	0	0	-0.0114	0	-0.0884	-0.000329	-0.115	0.048	0	0.0142	0	-0.00628	-0.0438
-4.76e-05	0.000326	0	0	0.000132	0.000545	-3.99e-05	0.00017	0.00031	0.000297	4.31e-06	0	-0.00119	2.67e-05	7.99e-05	0	-0.000184	0.657	0.000316	0	0.000355	0	-0.00358	0	0	0.000184	-0.000285	-0.000879	0	-0.000126	0	-0.00124	3.14e-05
0.0813	-0.000213	0	0	-0.0226	-0.0604	0.00551	0.0547	-0.000332	-0.00692	-0.000596	0	0.000174	-0.0338	0.0469	0	0.00221	0.000316	0.393	0	0.208	0	0.0195	0	0	-0.00309	-0.00117	-0.000424	0	0.0215	0	0.0556	-0.000529
0	0	0	0	0	0	0	0	0	0	0	0	0	0	0	0	0	0	0	0.469	0	0	0	0	0	0	0	0	0	0	0	0	0
-0.08	0	0	0	0	0	0	0.0625	0	0	0	0	0	-0.0291	-0.137	0	0	0.000355	0.208	0	0.322	0	0.0219	0	0	0	0	0	0	0	0	0.0733	0
0	0	0	0	0	0	0	0	0	0	0	0	0	0	0	0	0	0	0	0	0	0.114	0	0	0	0	0	0	0	0	0	0	0
-0.00293	0.0201	0	0	0.00815	0.0336	-0.00246	0.0105	0.0191	0.0183	0.000266	0	-0.0737	0.00165	0.00493	0	-0.0114	-0.00358	0.0195	0	0.0219	0	0.437	0	0	0.0113	-0.0176	-0.0542	0	-0.00777	0	-0.0765	0.00194
0	0	0	0.0123	0	0	0	0	0	0	0	0	0	0	0	0	0	0	0	0	0	0	0	0.593	0	0	0	0	0	0	0	0	0
0	0	0	0	-0.0325	0	-0.204	0	0	0	0.0221	0	0	0	0	0	-0.0884	0	0	0	0	0	0	0	0.336	0	0.0573	0	0	0.0309	0	0	0
-0.00821	-0.00879	0	0	-0.0181	0.0142	0.00864	0.0324	0	0	-0.000934	0	0	0.000433	0	0	-0.000329	0.000184	-0.00309	0	0	0	0.0113	0	0	0.718	0.0111	-0.00634	0	0.0172	0	-0.031	-0.0161
0.00187	-0.151	0	0	0.0117	-0.0106	0.0726	0.00332	0.00144	-5.09e-06	-0.00785	0	-0.0106	-0.000313	0	0	-0.115	-0.000285	-0.00117	0	0	0	-0.0176	0	0.0573	0.0111	0.389	0.0185	0	-0.0112	0	0.00765	-0.209
-0.000552	-0.04	0	0	-0.00121	0.000956	-0.015	0.0214	0.00498	0.0037	0.00163	0	-0.0351	-0.00152	0	0	0.048	-0.000879	-0.000424	0	0	0	-0.0542	0	0	-0.00634	0.0185	0.519	0	0.00116	0	-0.00208	0.138
0	0	0	0	0	0	0	0	0	0	0	0	0	0	0	0	0	0	0	0	0	0	0	0	0	0	0	0	0.0159	0	0	0	0
-0.0114	0.0016	0	0	-0.12	0.125	0.031	-0.0246	0.000937	0.0161	-0.00335	-0.00987	0.000487	-0.00301	0	0	0.0142	-0.000126	0.0215	0	0	0	-0.00777	0	0.0309	0.0172	-0.0112	0.00116	0	0.434	0.0737	-0.0515	0.00294
0	0	0	0	0.0702	0	0	0	0	0	0	-0.0416	0	0	0	0	0	0	0	0	0	0	0	0	0	0	0	0	0	0.0737	0.597	0	0
-0.0332	-0.00289	0	0	0.0541	0.1	-0.0114	-0.22	0.000732	0.0126	0.00123	0	0.00038	-0.00777	0.0165	0	-0.00628	-0.00124	0.0556	0	0.0733	0	-0.0765	0	0	-0.031	0.00765	-0.00208	0	-0.0515	0	0.418	-0.0053
-0.0014	0.191	0	0	-0.00309	0.00243	-0.0382	0.00553	0	0	0.00414	0	0	7.39e-05	0	0	-0.0438	3.14e-05	-0.000529	0	0	0	0.00194	0	0	-0.0161	-0.209	0.138	0	0.00294	0	-0.0053	0.484
M 36
0.0648	0.00843	-0.00363	-0.00816	0.127	0.00111	-0.0183	-0.0161	-0.0369	0.00103	0.0233	0.00515	-0.00897	-0.018	0.0011	0.0433	0.00013	-0.0152	0.0247	-0.0051	0.021	0.0027	-0.00949	0.00652	-0.0173	0.0152	0.0101	0	0.00281	0.00145	0.000303	0.00513	-0.000387	-0.00786	0.00326	-0.00153
0.00843	0.28	0	-0.00627	0.0522	0	0.0164	-0.0221	0.00169	0	0	0	0.000325	-0.00328	0	0	0.00229	0	0	0	0	0.00282	0	0	-0.0184	-0.0136	0	0	0	-0.00347	0.028	0	0	0	0	-0.067
-0.00363	0	0.62	0.00237	-0.021	-0.0437	0.00231	0	-0.0159	0.0221	0.00127	0.000327	0.0972	-0.0097	-0.0539	0.00735	0	-0.0525	-0.0218	-0.11	-0.008	-0.013	-0.0214	-0.0339	0.00963	-0.00192	0.0308	0	-0.00868	0.0077	-0.00382	0.11	0.0505	0.0146	-0.00301	-0.0207
-0.00816	-0.00627	0.00237	0.789	-0.00811	0.0203	-0.00883	0.0119	-0.00594	-0.0133	0.00371	-0.000134	0.0236	0.00394	-0.0534	-0.000572	-9.71e-05	0.0154	-0.0105	0.066	-0.0558	0.0051	-0.0103	-0.00322	-0.0545	0.00734	-0.00904	0	-0.00163	0.0981	-0.0389	-0.0664	0.0126	0.00663	-0.021	-0.0117
0.127	0.0522	-0.021	-0.00811	0.798	0.000904	0.0785	-0.0994	-0.00135	0.00199	0.00419	0.00245	-0.01	0.0122	0.00919	-0.00212	0.000808	0.00366	-0.00106	-0.00986	-0.0103	0.0189	0.00442	-0.0103	-0.0421	-0.0652	-0.0079	0	0.000115	0.0232	0.0493	0.00993	-0.00507	0.00304	-0.00382	0.0401
0.00111	0	-0.0437	0.0203	0.000904	0.751	0.00034	0	-0.00105	0.0122	-0.000568	5.88e-06	0.00612	-0.00593	0.00766	0	0	0.0119	2.66e-05	-0.0603	1.56e-05	-0.00698	2.62e-05	0.00885	0.00258	-0.000282	-3.45e-05	0	-0.000684	-0.037	-0.00394	0.0607	0.00315	-6.63e-05	0	-0.00136
-0.0183	0.0164	0.00231	-0.00883	0.0785	0.00034	0.383	-0.0312	0.0113	0.000738	-0.0376	-0.0163	0.00207	0.0101	-0.000137	-0.0242	0.000253	0.00483	0.000837	-0.00367	0.00456	0.00555	0.000823	-0.0016	-0.0111	0.251	-0.0064	0	0.00263	-0.00492	0.0169	0.00369	0.000506	-0.00786	0	-0.0945
-0.0161	-0.0221	0	0.0119	-0.0994	0	-0.0312	0.122	-0.000253	0	0	0	-4.85e-05	0.000489	0	0	-0.000342	0	0	0	0	-0.00042	0	0	0.035	0.0259	0	0	0	0.00661	-0.0534	0	0	0	0	0.128
-0.0369	0.00169	-0.0159	-0.00594	-0.00135	-0.00105	0.0113	-0.000253	0.243	-0.00104	0.0101	-0.00353	-0.0563	-0.23	-0.0531	-0.0802	0.0556	0.0129	-0.00537	0.00515	0.0211	0.0449	-0.00528	-0.0134	-0.0207	-0.00942	-0.00576	-0.00264	0.00213	0.00722	0.0216	-0.00518	-0.0104	-0.00088	0.00163	0.0124
0.00103	0	0.0221	-0.0133	0.00199	0.0122	0.000738	0	-0.00104	0.909	-0.000503	-2.1e-05	-0.00423	-0.000955	-0.00489	-0.000467	0	9.32e-05	-4.48e-05	0.0308	5.21e-05	0	-4.41e-05	0.00881	0.00516	-0.000613	-4.44e-05	0	0.000432	0.0234	-0.00786	-0.031	-0.00201	0	0	-0.00269
0.0233	0	0.00127	0.00371	0.00419	-0.000568	-0.0376	0	0.0101	-0.000503	0.0544	0.00429	0.00213	0.00496	0.000228	-0.00353	0	0.00504	0.0327	0.0025	-0.012	-0.00056	-0.0232	-0.00213	0.00629	0.0312	-0.0143	0	0.00438	-0.0009	0.00486	-0.00252	0.00104	-0.0133	-0.00236	-0.0093
0.00515	0	0.000327	-0.000134	0.00245	5.88e-06	-0.0163	0	-0.00353	-2.1e-05	0.00429	0.0554	-0.00068	-0.00209	-2.37e-06	0.00668	0	-0.00133	-0.093	0.000104	0.000511	-0.000224	0.1	0.000829	-3.66e-05	0.0136	-0.00214	0	0.00176	-0.000665	5.58e-05	-0.000105	0.000377	-0.00533	0	-0.0041
-0.00897	0.000325	0.0972	0.0236	-0.01	0.00612	0.00207	-4.85e-05	-0.0563	-0.00423	0.00213	-0.00068	0.525	-0.0423	0.276	-0.0154	0.0107	0.00292	-0.0117	0.021	-0.0022	0.0109	-0.0115	0.0386	-0.00483	-0.00172	0.0127	-0.000508	-0.0116	-0.0406	0.00545	-0.0212	0.0538	-0.000147	0.000313	-0.00487
-0.018	-0.00328	-0.0097	0.00394	0.0122	-0.00593	0.0101	0.000489	-0.23	-0.000955	0.00496	-0.00209	-0.0423	0.554	0.00239	-0.0429	-0.108	0.00697	-0.0048	0.00474	0.0102	-0.0877	-0.00472	-0.00754	0.0266	-0.00839	-0.000587	0.00512	-3.43e-05	-0.0127	-0.046	-0.00478	0.00102	0.0017	0.000875	-0.0119
0.0011	0	-0.0539	-0.0534	0.00919	0.00766	-0.000137	0	-0.0531	-0.00489	0.000228	-2.37e-06	0.276	0.00239	0.622	0	0	0.00053	0.0107	0.0243	0.0063	0.00281	0.0106	-0.0205	-0.00104	0.000114	-0.0139	0	-0.0307	0.0939	0.00158	-0.0244	0.143	2.67e-05	0	0.00832
0.0433	0	0.00735	-0.000572	-0.00212	0	-0.0242	0	-0.0802	-0.000467	-0.00353	0.00668	-0.0154	-0.0429	0	0.253	0	0.0406	-0.0623	0.00232	0.0471	0	-0.0612	-0.0183	0	0.0201	-0.0731	0	0	-0.000316	0	-0.00233	0	0	0	-0.00611
0.00013	0.00229	0	-9.71e-05	0.000808	0	0.000253	-0.000342	0.0556	0	0	0	0.0107	-0.108	0	0	0.518	0	0	0	0	0.0925	0	0	-0.000284	-0.00021	0	0.0148	0	-5.37e-05	0.000434	0	0	0	0	-0.00104
-0.0152	0	-0.0525	0.0154	0.00366	0.0119	0.00483	0	0.0129	9.32e-05	0.00504	-0.00133	0.00292	0.00697	0.00053	0.0406	0	0.48	0.000563	-0.000463	0.0269	0	0.000554	0.124	0.0275	-0.00401	0.013	0	-4.68e-05	0.00517	0.0181	0.000466	0.000218	0	-0.0166	0.00122
0.0247	0	-0.0218	-0.0105	-0.00106	2.66e-05	0.000837	0	-0.00537	-4.48e-05	0.0327	-0.093	-0.0117	-0.0048	0.0107	-0.0623	0	0.000563	0.592	0.000222	-0.0871	-0.00101	-0.0153	-0.00904	-0.000166	-0.000695	0.193	0	0.0091	0.0181	0.000252	-0.000224	-0.0036	0.0565	0	0.00282
-0.0051	0	-0.11	0.066	-0.00986	-0.0603	-0.00367	0	0.00515	0.0308	0.0025	0.000104	0.021	0.00474	0.0243	0.00232	0	-0.000463	0.000222	0.416	-0.000259	0	0.000219	-0.0438	-0.0256	0.00304	0.00022	0	-0.00215	-0.116	0.039	-0.191	0.01	0	0	0.0134
0.021	0	-0.008	-0.0558	-0.0103	1.56e-05	0.00456	0	0.0211	5.21e-05	-0.012	0.000511	-0.0022	0.0102	0.0063	0.0471	0	0.0269	-0.0871	-0.000259	0.35	-0.000595	-0.0857	-0.0173	-0.099	-0.00378	-0.0985	0	0.00535	-0.0168	-0.0647	0.000261	-0.00211	0.0332	0.0597	0.00268
0.0027	0.00282	-0.013	0.0051	0.0189	-0.00698	0.00555	-0.00042	0.0449	0	-0.00056	-0.000224	0.0109	-0.0877	0.00281	0	0.0925	0	-0.00101	0	-0.000595	0.622	-0.000996	-0.0052	0.0431	-0.00461	0.00131	-0.0044	1.42e-05	-0.0146	-0.0657	0	0.00121	0.00252	0	-0.0242
-0.00949	0	-0.0214	-0.0103	0.00442	2.62e-05	0.000823	0	-0.00528	-4.41e-05	-0.0232	0.1	-0.0115	-0.00472	0.0106	-0.0612	0	0.000554	-0.0153	0.000219	-0.0857	-0.000996	0.593	-0.00889	-0.000163	-0.000683	0.19	0	0.00895	0.0178	0.000248	-0.00022	-0.00354	0.0555	0	0.00278
0.00652	0	-0.0339	-0.00322	-0.0103	0.00885	-0.0016	0	-0.0134	0.00881	-0.00213	0.000829	0.0386	-0.00754	-0.0205	-0.0183	0	0.124	-0.00904	-0.0438	-0.0173	-0.0052	-0.00889	0.676	-0.0106	0.00133	0.00552	0	-0.00359	-0.00661	-0.011	0.0441	0.0207	0.00585	0.00749	-0.00895
-0.0173	-0.0184	0.00963	-0.0545	-0.0421	0.00258	-0.0111	0.035	-0.0207	0.00516	0.00629	-3.66e-05	-0.00483	0.0266	-0.00104	0	-0.000284	0.0275	-0.000166	-0.0256	-0.099	0.0431	-0.000163	-0.0106	0.673	0.00921	-0.0446	0	0.000135	-0.0236	0.0718	0.0258	-0.000419	0.000412	-0.0417	0.0452
0.0152	-0.0136	-0.00192	0.00734	-0.0652	-0.000282	0.251	0.0259	-0.00942	-0.000613	0.0312	0.0136	-0.00172	-0.00839	0.000114	0.0201	-0.00021	-0.00401	-0.000695	0.00304	-0.00378	-0.00461	-0.000683	0.00133	0.00921	0.477	0.00531	0	-0.00218	0.00408	-0.014	-0.00306	-0.00042	0.00653	0	0.0785
0.0101	0	0.0308	-0.00904	-0.0079	-3.45e-05	-0.0064	0	-0.00576	-4.44e-05	-0.0143	-0.00214	0.0127	-0.000587	-0.0139	-0.0731	0	0.013	0.193	0.00022	-0.0985	0.00131	0.19	0.00552	-0.0446	0.00531	0.524	0	-0.0118	-0.0361	-0.0297	-0.000222	0.00467	-0.0732	0.027	-0.005
0	0	0	0	0	0	0	0	-0.00264	0	0	0	-0.000508	0.00512	0	0	0.0148	0	0	0	0	-0.0044	0	0	0	0	0	0.442	0	0	0	0	0	0	0	0
0.00281	0	-0.00868	-0.00163	0.000115	-0.000684	0.00263	0	0.00213	0.000432	0.00438	0.00176	-0.0116	-3.43e-05	-0.0307	0	0	-4.68e-05	0.0091	-0.00215	0.00535	1.42e-05	0.00895	-0.00359	0.000135	-0.00218	-0.0118	0	0.465	0.00279	-0.000205	0.00216	0.00178	-0.0198	0	0.00141
0.00145	-0.00347	0.0077	0.0981	0.0232	-0.037	-0.00492	0.00661	0.00722	0.0234	-0.0009	-0.000665	-0.0406	-0.0127	0.0939	-0.000316	-5.37e-05	0.00517	0.0181	-0.116	-0.0168	-0.0146	0.0178	-0.00661	-0.0236	0.00408	-0.0361	0	0.00279	0.658	-0.0316	0.117	-0.0213	-0.0125	-0.0116	0.0102
0.000303	0.028	-0.00382	-0.0389	0.0493	-0.00394	0.0169	-0.0534	0.0216	-0.00786	0.00486	5.58e-05	0.00545	-0.046	0.00158	0	0.000434	0.0181	0.000252	0.039	-0.0647	-0.0657	0.000248	-0.011	0.0718	-0.014	-0.0297	0	-0.000205	-0.0316	0.61	-0.0393	0.000638	-0.000629	-0.0274	-0.069
0.00513	0	0.11	-0.0664	0.00993	0.0607	0.00369	0	-0.00518	-0.031	-0.00252	-0.000105	-0.0212	-0.00478	-0.0244	-0.00233	0	0.000466	-0.000224	-0.191	0.000261	0	-0.00022	0.0441	0.0258	-0.00306	-0.000222	0	0.00216	0.117	-0.0393	0.418	-0.0101	0	0	-0.0135
-0.000387	0	0.0505	0.0126	-0.00507	0.00315	0.000506	0	-0.0104	-0.00201	0.00104	0.000377	0.0538	0.00102	0.143	0	0	0.000218	-0.0036	0.01	-0.00211	0.00121	-0.00354	0.0207	-0.000419	-0.00042	0.00467	0	0.00178	-0.0213	0.000638	-0.0101	0.457	-0.00424	0	-0.00348
-0.00786	0	0.0146	0.00663	0.00304	-6.63e-05	-0.00786	0	-0.00088	0	-0.0133	-0.00533	-0.000147	0.0017	2.67e-05	0	0	0	0.0565	0	0.0332	0.00252	0.0555	0.00585	0.000412	0.00653	-0.0732	0	-0.0198	-0.0125	-0.000629	0	-0.00424	0.217	0	-0.00221
0.00326	0	-0.00301	-0.021	-0.00382	0	0	0	0.00163	0	-0.00236	0	0.000313	0.000875	0	0	0	-0.0166	0	0	0.0597	0	0	0.00749	-0.0417	0	0.027	0	0	-0.0116	-0.0274	0	0	0	0.14	0
-0.00153	-0.067	-0.0207	-0.0117	0.0401	-0.00136	-0.0945	0.128	0.0124	-0.00269	-0.0093	-0.0041	-0.00487	-0.0119	0.00832	-0.00611	-0.00104	0.00122	0.00282	0.0134	0.00268	-0.0242	0.00278	-0.00895	0.0452	0.0785	-0.005	0	0.00141	0.0102	-0.069	-0.0135	-0.00348	-0.00221	0	0.801
M 39
0.545	-0.00636	2.88e-05	-0.0216	-0.00638	-0.00764	-0.000473	-0.0423	2.22e-05	-0.0048	-2.11e-05	0.00798	-0.00427	-0.0226	-0.18	-0.0244	0	0.00995	0.0285	0.00307	-0.0396	-0.000293	0.0318	0.0542	-0.0237	-0.0031	0.0239	-3.06e-05	-0.00976	-0.0646	0.000149	0	-0.0455	-0.0635	0.0158	0	0.0263	-0.00672	-3.53e-05
-0.00636	0.425	-0.000856	-0.0231	0.00842	0.04	-0.000352	-0.0667	-0.000659	0.0683	4.39e-06	-0.0128	0.0607	0.0314	-0.00721	-0.0577	0	0.00311	0.0674	-0.00612	-0.0273	0.00292	0.0109	0.0695	-0.0142	-0.00725	0.0251	-0.00985	-0.0117	-0.0685	-0.0786	0	-0.0341	-0.0142	0.0411	0	0.0429	-0.0239	0.0187
2.88e-05	-0.000856	0.443	0.0432	-0.00849	0.000242	-0.00117	-0.000749	0.17	0.0136	0	8.42e-05	0.0121	-0.00303	3.27e-05	-0.00328	0	0.0132	0.00384	0.0221	0	0	0.000327	0.00785	-0.00604	-0.0222	0.0317	0	0.00569	0.00954	0.0238	0	0	-0.000653	0.000207	0	0	-0.00892	-0.00567
-0.0216	-0.0231	0.0432	0.456	0.00614	0.0349	-0.000295	-0.0195	0.0332	0.034	2.27e-05	0.00114	0.0303	0.0226	-0.0245	0.013	0	-0.0135	-0.0399	-0.0472	-0.0181	0.00148	0.000264	-0.00418	0.0122	0.0412	0.00444	-0.00461	-0.00512	-0.023	0.0115	0	-0.0368	-0.00105	0.0386	0	0.0127	-0.0363	-0.00272
-0.00638	0.00842	-0.00849	0.00614	0.493	0.0344	-0.0155	-0.0457	-0.00653	0.0318	0.00521	0.0357	0.0283	0.0378	-0.00724	0.00984	0	-0.0234	-0.0782	-0.095	0.0276	0.0447	-0.00867	0.0168	0.014	-0.111	-0.00598	-0.152	0.00565	-0.0529	-0.0021	0	0.0167	-0.00099	0.0299	0	0.0246	-0.0561	0.0005
-0.00764	0.04	0.000242	0.0349	0.0344	0.463	-0.000598	0.0177	0.000186	0.0791	7.47e-06	-0.0218	0.0704	0.124	-0.00868	-0.0214	0	-0.0259	0.0247	-0.0104	0.0766	0.00496	0.0185	0.0576	-0.0338	-0.0123	-0.0322	-0.0167	0.0903	0.0545	-0.133	0	0.0856	-0.0241	0.0202	0	-0.00826	-0.0196	0.0316
-0.000473	-0.000352	-0.00117	-0.000295	-0.0155	-0.000598	0.494	-0.00466	-0.000898	0.000578	0.00625	-0.038	0.000514	-0.0273	-0.000536	-0.00251	0	0.00459	-0.0148	0.0112	0.0331	0.0196	0.0094	-0.023	0.00167	-0.0103	-0.000477	-0.00488	0.0337	-0.00545	0	0	-0.00697	0.000726	0.000918	0	0.0651	-0.000832	0
-0.0423	-0.0667	-0.000749	-0.0195	-0.0457	0.0177	-0.00466	0.328	-0.000576	-0.0442	-0.000492	-0.0138	-0.0393	-0.0229	-0.048	0.00318	0	0.048	0.0606	0.0245	-0.0326	-0.00948	0.00449	-0.0364	0.00824	0.0125	0.0215	0.027	-0.0304	0.158	-0.00641	0	-0.113	-0.00174	0.0798	0	0.0268	0.0841	0.00152
2.22e-05	-0.000659	0.17	0.0332	-0.00653	0.000186	-0.000898	-0.000576	0.352	0.0105	0	6.48e-05	0.00933	-0.00233	2.52e-05	-0.00252	0	0.0102	0.00296	0.017	0	0	0.000251	0.00604	-0.00465	-0.0171	0.0244	0	0.00438	0.00734	0.0184	0	0	-0.000503	0.000159	0	0	-0.00686	-0.00436
-0.0048	0.0683	0.0136	0.034	0.0318	0.0791	0.000578	-0.0442	0.0105	0.49	-0.00207	0.0276	0.0104	-0.0567	-0.00545	0.0117	0.0514	-0.0308	-0.0349	-0.00822	0.0348	0.00551	0.0145	0.0738	-0.0729	-0.0154	-0.0196	-0.0174	0.0694	0.0617	-0.074	0	0.00864	-0.0404	-0.0145	0	-0.0415	-0.0423	0.0176
-2.11e-05	4.39e-06	0	2.27e-05	0.00521	7.47e-06	0.00625	-0.000492	0	-0.00207	0.826	-0.149	-0.00184	0.00122	-2.39e-05	-0.00071	0	-0.0879	0.00231	-0.0156	-0.0799	6.27e-05	0.0385	0.026	0.0562	-0.0159	0.0488	-0.0229	0.0235	0.005	0	0	-0.0148	6.85e-05	-0.0187	0	-0.121	0.0383	0
0.00798	-0.0128	8.42e-05	0.00114	0.0357	-0.0218	-0.038	-0.0138	6.48e-05	0.0276	-0.149	0.461	0.0245	-0.0247	0.00906	-0.00858	0	-0.0858	-0.0289	-0.00365	-0.0451	0.0131	0.0267	-0.0486	-0.0392	-0.000266	0.0507	-0.00435	0.00213	-0.00943	-0.0193	0	0.0169	0.0299	0.0261	0	-0.0678	0.026	0.00459
-0.00427	0.0607	0.0121	0.0303	0.0283	0.0704	0.000514	-0.0393	0.00933	0.0104	-0.00184	0.0245	0.487	-0.0504	-0.00484	0.0104	-0.0578	-0.0274	-0.031	-0.00731	0.0309	0.0049	0.0129	0.0656	-0.0648	-0.0137	-0.0174	-0.0154	0.0617	0.0548	-0.0658	0	0.00768	-0.0359	-0.0129	0	-0.0369	-0.0376	0.0156
-0.0226	0.0314	-0.00303	0.0226	0.0378	0.124	-0.0273	-0.0229	-0.00233	-0.0567	0.00122	-0.0247	-0.0504	0.575	-0.0257	-0.0276	0	-0.0275	0.106	-0.0154	0.0628	0.0113	0.00625	-0.0369	0.0335	-0.014	-0.0229	-0.0227	-0.0153	-0.0878	0.0997	0	-0.0362	0.000235	0.0377	0	0.00893	-0.0368	-0.0237
-0.18	-0.00721	3.27e-05	-0.0245	-0.00724	-0.00868	-0.000536	-0.048	2.52e-05	-0.00545	-2.39e-05	0.00906	-0.00484	-0.0257	0.499	-0.0276	0	0.0113	0.0323	0.00348	-0.0449	-0.000332	0.0361	0.0615	-0.027	-0.00352	0.0271	-3.48e-05	-0.0111	-0.0733	0.000169	0	-0.0516	-0.0721	0.018	0	0.0299	-0.00763	-4.01e-05
-0.0244	-0.0577	-0.00328	0.013	0.00984	-0.0214	-0.00251	0.00318	-0.00252	0.0117	-0.00071	-0.00858	0.0104	-0.0276	-0.0276	0.416	0	-0.00804	0.0764	-0.00253	0.0291	0.000418	0.00223	-0.0222	0.0154	-0.00239	-0.0149	-0.00372	-0.0182	0.00208	-0.0249	0	-0.0527	-3.38e-05	0.0323	0	-0.00893	0.00135	0.00593
0	0	0	0	0	0	0	0	0	0.0514	0	0	-0.0578	0	0	0	0.301	0	0	0	0	0	0	0	0	0	0	0	0	0	0	0	0	0	0	0	0	0	0
0.00995	0.00311	0.0132	-0.0135	-0.0234	-0.0259	0.00459	0.048	0.0102	-0.0308	-0.0879	-0.0858	-0.0274	-0.0275	0.0113	-0.00804	0	0.768	0.0508	-0.0201	-0.0621	-0.00105	0.0214	0.0106	0.0206	0.00667	-0.153	-0.00975	0.0107	0.0564	0.00435	0	-0.0068	0.00144	-0.0319	0	-0.0535	-0.134	-0.00103
0.0285	0.0674	0.00384	-0.0399	-0.0782	0.0247	-0.0148	0.0606	0.00296	-0.0349	0.00231	-0.0289	-0.031	0.106	0.0323	0.0764	0	0.0508	0.55	0.0292	-0.0557	-0.00801	0.00731	0.0119	-0.0499	0.0299	0.0355	0.0429	0.0216	0.0873	-0.000629	0	0.00764	0.00025	-0.0832	0	0.0689	0.0679	0.000149
0.00307	-0.00612	0.0221	-0.0472	-0.095	-0.0104	0.0112	0.0245	0.017	-0.00822	-0.0156	-0.00365	-0.00731	-0.0154	0.00348	-0.00253	0	-0.0201	0.0292	0.321	-0.00442	-0.00501	-0.00194	-0.0134	-0.00574	0.233	-0.0447	-0.0628	-0.0104	0.0172	0	0	-0.0107	0.00539	-0.00904	0	0.0051	0.0389	0
-0.0396	-0.0273	0	-0.0181	0.0276	0.0766	0.0331	-0.0326	0	0.0348	-0.0799	-0.0451	0.0309	0.0628	-0.0449	0.0291	0	-0.0621	-0.0557	-0.00442	0.436	-0.00672	0.0106	-0.0162	-0.00543	-0.00615	0.0452	-0.0065	-0.0305	-0.0507	0.0129	0	-0.055	0.00192	0.0714	0	0.00529	-0.0454	-0.00307
-0.000293	0.00292	0	0.00148	0.0447	0.00496	0.0196	-0.00948	0	0.00551	6.27e-05	0.0131	0.0049	0.0113	-0.000332	0.000418	0	-0.00105	-0.00801	-0.00501	-0.00672	0.421	-0.0039	-0.00283	0.00141	-0.00603	0.0072	-0.00737	0.0111	-0.0111	0	0	0.00384	0.000952	0.00453	0	-0.0105	-0.0114	0
0.0318	0.0109	0.000327	0.000264	-0.00867	0.0185	0.0094	0.00449	0.000251	0.0145	0.0385	0.0267	0.0129	0.00625	0.0361	0.00223	0	0.0214	0.00731	-0.00194	0.0106	-0.0039	0.559	-0.0322	0.0447	0.00291	-0.0148	0.00107	-0.0334	0.0162	0.00498	0	-0.00432	0.113	-0.00685	0	0.0185	-0.00619	-0.00118
0.0542	0.0695	0.00785	-0.00418	0.0168	0.0576	-0.023	-0.0364	0.00604	0.0738	0.026	-0.0486	0.0656	-0.0369	0.0615	-0.0222	0	0.0106	0.0119	-0.0134	-0.0162	-0.00283	-0.0322	0.399	0.0461	-0.00393	0.0032	-0.0136	0.0479	-0.00669	-0.0529	0	-0.0387	0.0839	0.000897	0	-0.00751	-0.0293	0.0126
-0.0237	-0.0142	-0.00604	0.0122	0.014	-0.0338	0.00167	0.00824	-0.00465	-0.0729	0.0562	-0.0392	-0.0648	0.0335	-0.027	0.0154	0	0.0206	-0.0499	-0.00574	-0.00543	0.00141	0.0447	0.0461	0.494	-0.0121	-0.0317	-0.0131	0.0587	-0.03	0.0721	0	0.031	-0.0648	-0.00963	0	-0.0551	-0.0209	-0.0171
-0.0031	-0.00725	-0.0222	0.0412	-0.111	-0.0123	-0.0103	0.0125	-0.0171	-0.0154	-0.0159	-0.000266	-0.0137	-0.014	-0.00352	-0.00239	0	0.00667	0.0299	0.233	-0.00615	-0.00603	0.00291	-0.00393	-0.0121	0.32	0.0202	-0.0624	-0.00622	0.0239	0	0	-0.0103	-0.00532	-0.00569	0	0.00167	0.0206	0
0.0239	0.0251	0.0317	0.00444	-0.00598	-0.0322	-0.000477	0.0215	0.0244	-0.0196	0.0488	0.0507	-0.0174	-0.0229	0.0271	-0.0149	0	-0.153	0.0355	-0.0447	0.0452	0.0072	-0.0148	0.0032	-0.0317	0.0202	0.545	-0.0181	0.00178	0.0263	0.00803	0	0.0454	0.00333	-0.0318	0	0.0311	0.0968	-0.00191
-3.06e-05	-0.00985	0	-0.00461	-0.152	-0.0167	-0.00488	0.027	0	-0.0174	-0.0229	-0.00435	-0.0154	-0.0227	-3.48e-05	-0.00372	0	-0.00975	0.0429	-0.0628	-0.0065	-0.00737	0.00107	-0.0136	-0.0131	-0.0624	-0.0181	0.546	-0.011	0.0301	0	0	-0.0157	9.97e-05	-0.0108	0	0.0075	0.0438	0
-0.00976	-0.0117	0.00569	-0.00512	0.00565	0.0903	0.0337	-0.0304	0.00438	0.0694	0.0235	0.00213	0.0617	-0.0153	-0.0111	-0.0182	0	0.0107	0.0216	-0.0104	-0.0305	0.0111	-0.0334	0.0479	0.0587	-0.00622	0.00178	-0.011	0.305	-0.000787	-0.0384	0	-0.0332	0.0615	0.00177	0	-0.0227	-0.0227	0.00912
-0.0646	-0.0685	0.00954	-0.023	-0.0529	0.0545	-0.00545	0.158	0.00734	0.0617	0.005	-0.00943	0.0548	-0.0878	-0.0733	0.00208	0	0.0564	0.0873	0.0172	-0.0507	-0.0111	0.0162	-0.00669	-0.03	0.0239	0.0263	0.0301	-0.000787	0.442	-0.0698	0	-0.106	-0.0258	-0.0594	0	0.021	0.087	0.0166
0.000149	-0.0786	0.0238	0.0115	-0.0021	-0.133	0	-0.00641	0.0184	-0.074	0	-0.0193	-0.0658	0.0997	0.000169	-0.0249	0	0.00435	-0.000629	0	0.0129	0	0.00498	-0.0529	0.0721	0	0.00803	0	-0.0384	-0.0698	0.663	0	0.042	0	0.0551	0	0.0184	3.44e-05	0.0373
0	0	0	0	0	0	0	0	0	0	0	0	0	0	0	0	0	0	0	0	0	0	0	0	0	0	0	0	0	0	0	0.558	0	0	0	0	0	0	0
-0.0455	-0.0341	0	-0.0368	0.0167	0.0856	-0.00697	-0.113	0	0.00864	-0.0148	0.0169	0.00768	-0.0362	-0.0516	-0.0527	0	-0.0068	0.00764	-0.0107	-0.055	0.00384	-0.00432	-0.0387	0.031	-0.0103	0.0454	-0.0157	-0.0332	-0.106	0.042	0	0.642	-8.23e-05	-0.115	0	0.0505	-0.0432	-0.00999
-0.0635	-0.0142	-0.000653	-0.00105	-0.00099	-0.0241	0.000726	-0.00174	-0.000503	-0.0404	6.85e-05	0.0299	-0.0359	0.000235	-0.0721	-3.38e-05	0	0.00144	0.00025	0.00539	0.00192	0.000952	0.113	0.0839	-0.0648	-0.00532	0.00333	9.97e-05	0.0615	-0.0258	0	0	-8.23e-05	0.4	0.000201	0	-0.00193	-0.000961	0
0.0158	0.0411	0.000207	0.0386	0.0299	0.0202	0.000918	0.0798	0.000159	-0.0145	-0.0187	0.0261	-0.0129	0.0377	0.018	0.0323	0	-0.0319	-0.0832	-0.00904	0.0714	0.00453	-0.00685	0.000897	-0.00963	-0.00569	-0.0318	-0.0108	0.00177	-0.0594	0.0551	0	-0.115	0.000201	0.582	0	-0.034	0.00194	-0.0131
0	0	0	0	0	0	0	0	0	0	0	0	0	0	0	0	0	0	0	0	0	0	0	0	0	0	0	0	0	0	0	0	0	0	0	0.495	0	0	0
