M 4
0.822	-0.00461	0	-0.0247
-0.00461	0.657	0.36	0.0467
0	0.36	0.385	-0.0673
-0.0247	0.0467	-0.0673	0.898
M 7
0.8	0	0	0	0	0	0
0	0.142	0	0	0	0	0
0	0	0.422	0	0	0	0
0	0	0	0.916	0	0	0
0	0	0	0	0.792	0	0
0	0	0	0	0	0.959	0
0	0	0	0	0	0	0.656
M 10
0.837	0	0	0	0	0	0	0	-0.0392	0
0	0.178	0.0715	0	0	0	0	-0.0187	0	0
0	0.0715	0.911	0	0	0	0	-0.0606	0	0
0	0	0	0.145	-0.131	0	-0.00846	0	0	0.227
0	0	0	-0.131	0.714	0	0.00377	0	0	0.0497
0	0	0	0	0	0.392	0	0	0	0
0	0	0	-0.00846	0.00377	0	0.656	0	0	0.0032
0	-0.0187	-0.0606	0	0	0	0	0.695	0	0
-0.0392	0	0	0	0	0	0	0	0.718	0
0	0	0	0.227	0.0497	0	0.0032	0	0	0.674
M 13
0.669	-0.00539	0.00412	-6.42e-05	0	0.000114	0.000234	-0.00622	-3.14e-06	0	-0.00124	0.00753	0.0134
-0.00539	0.697	0.00119	0.00231	-0.000321	-0.00393	-0.00294	-0.00186	0	0.00439	-0.000358	0.00216	0.0068
0.00412	0.00119	0.308	-0.0376	0.000995	0.00155	-0.00222	-0.043	-0.0228	-0.00819	0.11	0.0493	-0.0015
-6.42e-05	0.00231	-0.0376	0.317	0.00668	-0.113	0.0588	0.0348	-0.0573	-0.0915	-0.0512	0.039	8.52e-05
0	-0.000321	0.000995	0.00668	0.751	-0.0114	-0.00575	0	0	0.0053	-0.000661	-0.000475	0
0.000114	-0.00393	0.00155	-0.113	-0.0114	0.444	-0.102	0.0205	-0.0336	0.156	-0.0458	0.0115	-0.000142
0.000234	-0.00294	-0.00222	0.0588	-0.00575	-0.102	0.225	0.00554	-0.000533	0.0474	-0.000138	-0.00648	0.000702
-0.00622	-0.00186	-0.043	0.0348	0	0.0205	0.00554	0.341	0.0301	0	0.016	-0.18	0.00785
-3.14e-06	0	-0.0228	-0.0573	0	-0.0336	-0.000533	0.0301	0.291	0	-0.0507	0.0292	-2.49e-06
0	0.00439	-0.00819	-0.0915	0.0053	0.156	0.0474	0	0	0.887	0.00544	0.00391	0
-0.00124	-0.000358	0.11	-0.0512	-0.000661	-0.0458	-0.000138	0.016	-0.0507	0.00544	0.406	-0.0214	-0.000784
0.00753	0.00216	0.0493	0.039	-0.000475	0.0115	-0.00648	-0.18	0.0292	0.00391	-0.0214	0.436	-0.0106
0.0134	0.0068	-0.0015	8.52e-05	0	-0.000142	0.000702	0.00785	-2.49e-06	0	-0.000784	-0.0106	0.663
M 16
0.139	0	0	0	0	0	0.0418	0	0	0	0	0	0	0	0	0
0	0.909	0.0303	0	0	0	0	0	0	0	0	0	0	0	0	0
0	0.0303	0.433	0	0	0	0	0	0	0	0	0	0	0	0	0
0	0	0	0.182	0	0	0	0	0	0	0	0	0	0	0	0
0	0	0	0	0.264	0	0	0	0	0	0	0	0	0	0	0
0	0	0	0	0	0.146	0	0	0	0	0	0	0	0	0	0
0.0418	0	0	0	0	0	0.797	0	0	0	0	0	0	0	0	0
0	0	0	0	0	0	0	0.869	0	0	0	0	0	0	0	0
0	0	0	0	0	0	0	0	0.58	0	0	0	0	0	0	0
0	0	0	0	0	0	0	0	0	0.55	0	0	0	0	0	0
0	0	0	0	0	0	0	0	0	0	0.145	0	0	0	0	0
0	0	0	0	0	0	0	0	0	0	0	0.853	0	0	0	0
0	0	0	0	0	0	0	0	0	0	0	0	0.622	0	0	0
0	0	0	0	0	0	0	0	0	0	0	0	0	0.351	0	0
0	0	0	0	0	0	0	0	0	0	0	0	0	0	0.513	0
0	0	0	0	0	0	0	0	0	0	0	0	0	0	0	0.402
M 19
0.567	0	0	-0.00285	0.00203	0	0	0	-0.00372	0	0	0.00167	0	-0.161	0	0	0	0	0
0	0.0913	0	0	0	0	0	0	0	0	0	0	0	0	0	0	0.132	0.097	0
0	0	0.491	0	0	0	0	0	0	0	0	0	0	0	0	0	0	0	0
-0.00285	0	0	0.307	0.0482	0.016	0	0.0188	-0.121	-0.0461	0.00042	0.00818	0.00897	0.0127	0	0.00044	0	0	0
0.00203	0	0	0.0482	0.303	-0.000505	0	-0.0133	0.0654	0.00145	-0.000298	-0.0058	-0.00637	-0.009	0	-0.000312	0	0	0
0	0	0	0.016	-0.000505	0.832	0	0	-0.0125	0.0215	-0.13	0	0	0	0	0.124	0	0	0
0	0	0	0	0	0	0.369	0	0	0	0	0	0	0	0	0	0	0	0
0	0	0	0.0188	-0.0133	0	0	0.356	0.0245	0	0	0.103	0	0	0	0	0	0	0
-0.00372	0	0	-0.121	0.0654	-0.0125	0	0.0245	0.243	0.0361	0.000548	0.0107	0.0117	0.0165	0	0.000574	0	0	0
0	0	0	-0.0461	0.00145	0.0215	0	0	0.0361	0.778	-0.0452	0	0	0	0	0.0432	0	0	0
0	0	0	0.00042	-0.000298	-0.13	0	0	0.000548	-0.0452	0.613	-0.000245	-0.039	-2.64e-05	0	0.325	0	0	0
0.00167	0	0	0.00818	-0.0058	0	0	0.103	0.0107	0	-0.000245	0.155	-0.00524	-0.0074	0	-0.000257	0	0	0
0	0	0	0.00897	-0.00637	0	0	0	0.0117	0	-0.039	-0.00524	0.123	-0.000564	0	-0.0408	0	0	0
-0.161	0	0	0.0127	-0.009	0	0	0	0.0165	0	-2.64e-05	-0.0074	-0.000564	0.825	0	-2.76e-05	0	0	0
0	0	0	0	0	0	0	0	0	0	0	0	0	0	0.942	0	0	0	0
0	0	0	0.00044	-0.000312	0.124	0	0	0.000574	0.0432	0.325	-0.000257	-0.0408	-2.76e-05	0	0.642	0	0	0
0	0.132	0	0	0	0	0	0	0	0	0	0	0	0	0	0	0.795	0.161	0
0	0.097	0	0	0	0	0	0	0	0	0	0	0	0	0	0	0.161	0.693	0
0	0	0	0	0	0	0	0	0	0	0	0	0	0	0	0	0	0	0.235
M 22
0.404	0	0.00377	0.00536	-0.00114	0.0246	0	0.00474	0.00059	0.058	-0.000319	0.00148	-0.000415	0.0327	-0.0213	0.00613	-0.000201	-0.0111	-0.036	-0.00197	0.000413	-0.000511
0	0.923	0	0	0	0	0	0	0	0	0	0	0	0	0	0	0	0	0	0	0	0
0.00377	0	0.358	-0.132	0.000773	0.0116	0	0.00491	0.0247	-0.014	-0.0169	0.0506	0.000281	-0.016	-0.0278	0.00079	-0.000575	-0.00289	0.00236	0.000613	0	0.0052
0.00536	0	-0.132	0.207	0.00347	-0.00698	0	-0.00644	-0.0143	-0.0199	0.0098	-0.0293	0.00126	0.00979	0.017	-0.00335	-0.000573	-0.00317	0.00259	0.0012	0	0.00939
-0.00114	0	0.000773	0.00347	0.62	-0.0197	0	-0.0109	-0.00109	0.00422	0.000588	-0.00272	-0.104	0.000302	0.000523	-0.00326	0.0557	-0.00553	0.00452	0.0189	0	0.0534
0.0246	0	0.0116	-0.00698	-0.0197	0.681	0	0.315	0.0137	-0.091	-0.00744	0.0344	-0.00716	-0.0146	-0.0253	0.0995	-0.00388	0.167	-0.137	-0.00132	0	-0.00372
0	0	0	0	0	0	0.439	0	0	0	0	0	0	0	0	0	0	0	0	0	0	0
0.00474	0	0.00491	-0.00644	-0.0109	0.315	0	0.44	0.0076	-0.0175	-0.00412	0.019	-0.00396	0.0065	0.0113	-0.0238	-0.00215	-0.0392	0.032	0.00167	0	-0.00187
0.00059	0	0.0247	-0.0143	-0.00109	0.0137	0	0.0076	0.279	-0.00218	-0.0236	0.103	-0.000395	0.0216	0.0374	0.0024	-0.000214	0.00987	-0.00807	-7.38e-05	0	-0.000205
0.058	0	-0.014	-0.0199	0.00422	-0.091	0	-0.0175	-0.00218	0.205	0.00118	-0.00547	0.00153	0.013	0.00146	-0.0227	0.000743	-0.0466	0.0259	0.0073	-0.00153	0.00189
-0.000319	0	-0.0169	0.0098	0.000588	-0.00744	0	-0.00412	-0.0236	0.00118	0.273	-0.052	0.000214	-0.00407	-0.00706	-0.0013	0.000116	-0.00332	0.00271	4e-05	0	0.000111
0.00148	0	0.0506	-0.0293	-0.00272	0.0344	0	0.019	0.103	-0.00547	-0.052	0.511	-0.00099	0.0323	0.056	0.00602	-0.000537	0.0189	-0.0155	-0.000185	0	-0.000515
-0.000415	0	0.000281	0.00126	-0.104	-0.00716	0	-0.00396	-0.000395	0.00153	0.000214	-0.00099	0.867	0.00011	0.00019	-0.00118	0.0202	-0.00201	0.00164	0.00687	0	0.0194
0.0327	0	-0.016	0.00979	0.000302	-0.0146	0	0.0065	0.0216	0.013	-0.00407	0.0323	0.00011	0.516	-0.136	-0.0068	-0.00022	-0.0817	-0.0843	0.000871	0.00398	4.18e-05
-0.0213	0	-0.0278	0.017	0.000523	-0.0253	0	0.0113	0.0374	0.00146	-0.00706	0.056	0.00019	-0.136	0.358	-0.0118	-0.000382	0.0293	0.0631	0.00151	0.0069	7.25e-05
0.00613	0	0.00079	-0.00335	-0.00326	0.0995	0	-0.0238	0.0024	-0.0227	-0.0013	0.00602	-0.00118	-0.0068	-0.0118	0.261	-0.00799	0.0677	-0.0553	0.0212	0.102	-0.000534
-0.000201	0	-0.000575	-0.000573	0.0557	-0.00388	0	-0.00215	-0.000214	0.000743	0.000116	-0.000537	0.0202	-0.00022	-0.000382	-0.00799	0.296	0.00144	-0.00118	0.00216	0.00917	-0.0123
-0.0111	0	-0.00289	-0.00317	-0.00553	0.167	0	-0.0392	0.00987	-0.0466	-0.00332	0.0189	-0.00201	-0.0817	0.0293	0.0677	0.00144	0.458	0.0588	-0.00807	-0.036	-0.000908
-0.036	0	0.00236	0.00259	0.00452	-0.137	0	0.032	-0.00807	0.0259	0.00271	-0.0155	0.00164	-0.0843	0.0631	-0.0553	-0.00118	0.0588	0.482	0.00659	0.0294	0.000742
-0.00197	0	0.000613	0.0012	0.0189	-0.00132	0	0.00167	-7.38e-05	0.0073	4e-05	-0.000185	0.00687	0.000871	0.00151	0.0212	0.00216	-0.00807	0.00659	0.29	-0.0269	-0.00429
0.000413	0	0	0	0	0	0	0	0	-0.00153	0	0	0	0.00398	0.0069	0.102	0.00917	-0.036	0.0294	-0.0269	0.191	0
-0.000511	0	0.0052	0.00939	0.0534	-0.00372	0	-0.00187	-0.000205	0.00189	0.000111	-0.000515	0.0194	4.18e-05	7.25e-05	-0.000534	-0.0123	-0.000908	0.000742	-0.00429	0	0.299
M 25
0.548	-0.00455	-0.0485	-0.0226	0.0902	0.013	0.044	0.0479	-0.128	0.00584	0.0387	0.0103	-0.00417	-0.0553	-0.0715	0.147	0.0857	-0.0252	0.0126	0.00822	-0.00765	-0.0114	0.00657	0.0705	0.00784
-0.00455	0.274	-0.0231	0.00161	0.0049	0.0172	-0.00131	-0.00949	0.0352	0.0086	0.00392	0.00867	0.00307	-0.0618	-0.0153	0.0344	0.00635	-0.00696	-0.000375	0.0159	0.0111	0.0161	0.00617	0.153	0.00129
-0.0485	-0.0231	0.548	-0.00184	0.0172	0.0085	0.0244	-0.00937	0.114	0.00203	-0.00172	0.00336	0.00223	-0.0293	-0.034	0.0305	0.00729	0.121	0.00701	0.00469	-0.0182	0.0508	0.00424	0.0202	0.0215
-0.0226	0.00161	-0.00184	0.547	0.00815	-0.00348	0.0157	0.0379	0.00684	-0.00954	-0.0468	-0.00189	-0.011	-0.00109	0.0375	-0.00129	-0.0124	0.00106	0.00451	0.0117	-0.0296	-0.0352	0.0511	0.00333	-0.00864
0.0902	0.0049	0.0172	0.00815	0.381	0.00848	0.0347	-0.138	0.0198	-0.0885	0.0632	0.0649	0.04	0.0434	-0.0343	0.0515	0.262	0.0033	0.00996	0.0176	0.0812	0.143	0.0428	-0.00236	0.00687
0.013	0.0172	0.0085	-0.00348	0.00848	0.369	-0.00193	-0.0277	-0.0295	0.00122	0.00697	0.00383	0.00461	-0.0178	-0.000156	-0.0249	0.0148	-0.115	-0.000553	0.00785	0.0124	0.00792	0.000153	0.0147	0.00198
0.044	-0.00131	0.0244	0.0157	0.0347	-0.00193	0.442	0.0174	0.0554	-0.00476	0.0837	-0.0155	-0.00883	0.0468	-0.109	-0.084	-0.00149	0.00909	-0.0743	0.0777	-0.00444	-0.00477	0.104	-0.0409	0.0041
0.0479	-0.00949	-0.00937	0.0379	-0.138	-0.0277	0.0174	0.589	0.00958	0.00716	-0.0652	-0.00769	0.0198	0.0124	-0.0216	0.0345	-0.13	0.00597	0.005	-0.0149	0.0363	0.0742	0.00331	-0.021	-0.062
-0.128	0.0352	0.114	0.00684	0.0198	-0.0295	0.0554	0.00958	0.801	0.00735	-0.0346	-0.00298	-0.014	-0.028	-0.0665	0.0814	-0.0337	0.0595	0.0159	-0.0022	-0.0317	0.0418	0.0125	-0.0187	0.0166
0.00584	0.0086	0.00203	-0.00954	-0.0885	0.00122	-0.00476	0.00716	0.00735	0.699	0.00908	-0.324	-0.002	-0.0264	0.0191	0.0296	0.102	0.000936	-0.00137	0.0625	-0.00769	-0.00763	0.0827	0.0177	0.00792
0.0387	0.00392	-0.00172	-0.0468	0.0632	0.00697	0.0837	-0.0652	-0.0346	0.00908	0.331	0.00928	0.019	0.022	0.0463	0.00596	0.0165	-0.00332	0.024	0.0702	-0.0112	0.0885	0.0948	0.00682	0.112
0.0103	0.00867	0.00336	-0.00189	0.0649	0.00383	-0.0155	-0.00769	-0.00298	-0.324	0.00928	0.472	0.00237	-0.0298	-0.00559	0.00759	-0.0994	0.00015	-0.00446	0.176	-0.000878	0.00946	0.0271	0.0169	-0.00959
-0.00417	0.00307	0.00223	-0.011	0.04	0.00461	-0.00883	0.0198	-0.014	-0.002	0.019	0.00237	0.439	-0.00379	0.0116	-0.0107	0.038	-0.00194	-0.00253	0.0046	0.0297	0.0474	-0.000138	0.00658	0.018
-0.0553	-0.0618	-0.0293	-0.00109	0.0434	-0.0178	0.0468	0.0124	-0.028	-0.0264	0.022	-0.0298	-0.00379	0.653	-0.00985	-0.0573	-0.0517	-0.00768	0.0134	-0.0324	-0.00611	-0.00988	0.0526	-0.119	-0.012
-0.0715	-0.0153	-0.034	0.0375	-0.0343	-0.000156	-0.109	-0.0216	-0.0665	0.0191	0.0463	-0.00559	0.0116	-0.00985	0.499	0.126	-0.0647	-0.0126	-0.0313	0.0661	0.0595	-0.0297	0.0879	0.0239	-0.065
0.147	0.0344	0.0305	-0.00129	0.0515	-0.0249	-0.084	0.0345	0.0814	0.0296	0.00596	0.00759	-0.0107	-0.0573	0.126	0.763	-0.0227	0.0283	-0.0241	-0.0236	-0.019	-0.0626	-0.00205	0.0238	0.0024
0.0857	0.00635	0.00729	-0.0124	0.262	0.0148	-0.00149	-0.13	-0.0337	0.102	0.0165	-0.0994	0.038	-0.0517	-0.0647	-0.0227	0.38	-0.00351	-0.000427	-0.0289	0.0743	0.131	-0.0556	0.0122	-0.0455
-0.0252	-0.00696	0.121	0.00106	0.0033	-0.115	0.00909	0.00597	0.0595	0.000936	-0.00332	0.00015	-0.00194	-0.00768	-0.0126	0.0283	-0.00351	0.275	0.00261	-0.000746	-0.0128	0.013	0.00196	0.0134	0.00707
0.0126	-0.000375	0.00701	0.00451	0.00996	-0.000553	-0.0743	0.005	0.0159	-0.00137	0.024	-0.00446	-0.00253	0.0134	-0.0313	-0.0241	-0.000427	0.00261	0.68	0.0223	-0.00127	-0.00137	0.0298	-0.0117	0.00118
0.00822	0.0159	0.00469	0.0117	0.0176	0.00785	0.0777	-0.0149	-0.0022	0.0625	0.0702	0.176	0.0046	-0.0324	0.0661	-0.0236	-0.0289	-0.000746	0.0223	0.406	0.0153	0.00939	0.176	0.0367	-0.026
-0.00765	0.0111	-0.0182	-0.0296	0.0812	0.0124	-0.00444	0.0363	-0.0317	-0.00769	-0.0112	-0.000878	0.0297	-0.00611	0.0595	-0.019	0.0743	-0.0128	-0.00127	0.0153	0.316	0.178	-0.000253	0.0147	0.0505
-0.0114	0.0161	0.0508	-0.0352	0.143	0.00792	-0.00477	0.0742	0.0418	-0.00763	0.0885	0.00946	0.0474	-0.00988	-0.0297	-0.0626	0.131	0.013	-0.00137	0.00939	0.178	0.536	-0.000954	0.00646	0.0663
0.00657	0.00617	0.00424	0.0511	0.0428	0.000153	0.104	0.00331	0.0125	0.0827	0.0948	0.0271	-0.000138	0.0526	0.0879	-0.00205	-0.0556	0.00196	0.0298	0.176	-0.000253	-0.000954	0.685	0.0086	-0.0303
0.0705	0.153	0.0202	0.00333	-0.00236	0.0147	-0.0409	-0.021	-0.0187	0.0177	0.00682	0.0169	0.00658	-0.119	0.0239	0.0238	0.0122	0.0134	-0.0117	0.0367	0.0147	0.00646	0.0086	0.529	-0.0107
0.00784	0.00129	0.0215	-0.00864	0.00687	0.00198	0.0041	-0.062	0.0166	0.00792	0.112	-0.00959	0.018	-0.012	-0.065	0.0024	-0.0455	0.00707	0.00118	-0.026	0.0505	0.0663	-0.0303	-0.0107	0.619
M 28
0.476	-0.00558	-0.000228	0.000671	0.000951	0.000288	0.00068	-0.0265	9.65e-05	0	0	0.000349	-0.000162	-5.74e-05	-1.88e-05	0.00353	0.0834	-0.0483	0	-1.42e-05	0	1.02e-05	0.00526	0.000532	-0.000427	0	0	1.24e-05
-0.00558	0.365	-0.0138	0.0406	0.0119	0.00432	0.0102	-0.000503	0.00143	0	0.0139	0.00524	-0.00981	-0.00162	-0.00028	0.053	0.00207	-8.83e-05	-0.000533	0.00291	0.000912	0.000151	0.0789	0.0271	-0.0205	-0.000539	-0.00105	0.000185
-0.000228	-0.0138	0.431	-0.0997	0.00111	-3.84e-05	0.000298	-2.06e-05	9.16e-05	0	5.88e-05	-4.66e-05	0.0388	0.00219	-1.79e-05	-0.000471	7.19e-05	-2.52e-05	0.000505	-0.00916	-0.000712	9.68e-06	0.00231	0.000867	-0.00112	-7.98e-06	0.00374	1.18e-05
0.000671	0.0406	-0.0997	0.691	-0.00326	0.000113	-0.000879	6.06e-05	-0.00027	0	-0.000173	0.000137	-0.114	-0.00646	5.27e-05	0.00139	-0.000212	7.44e-05	0.000197	0.027	0.00371	-2.85e-05	-0.0068	-0.00255	0.0033	2.35e-05	-0.0105	-3.48e-05
0.000951	0.0119	0.00111	-0.00326	0.703	0.00539	0.00117	8.59e-05	-0.00106	0	-0.00275	0.00655	0.000788	0.00327	0.000206	0.0662	-0.000603	-0.000418	0.000369	-0.00115	-0.000589	-0.000112	0.00906	-0.000673	0.00405	0.000373	0.000601	-0.000136
0.000288	0.00432	-3.84e-05	0.000113	0.00539	0.52	0.000324	2.6e-05	-0.000312	0	-6.38e-05	0.303	-2.73e-05	-0.00021	6.08e-05	0.00278	-8.96e-05	3.41e-05	8.57e-06	-9.72e-05	-1.37e-05	-3.29e-05	0.0025	0.000696	0.000403	8.66e-06	1.4e-05	-4.02e-05
0.00068	0.0102	0.000298	-0.000879	0.00117	0.000324	0.697	6.14e-05	0.000108	0	0	0.000393	0.000212	-6.4e-05	-2.1e-05	0.00397	-0.000194	0.000112	0	-1.58e-05	0	1.14e-05	-0.0562	-0.000406	0.000781	0	0	1.39e-05
-0.0265	-0.000503	-2.06e-05	6.06e-05	8.59e-05	2.6e-05	6.14e-05	0.463	8.71e-06	0	0	3.15e-05	-1.46e-05	-5.18e-06	-1.7e-06	0.000319	-0.0647	0.0375	0	-1.28e-06	0	9.21e-07	0.000475	4.8e-05	-3.85e-05	0	0	1.12e-06
9.65e-05	0.00143	9.16e-05	-0.00027	-0.00106	-0.000312	0.000108	8.71e-06	0.404	0	0	-0.000378	6.52e-05	6.19e-05	-0.075	-0.00382	-2.75e-05	1.59e-05	0	1.53e-05	0	0.0407	0.000832	-0.000295	0.00011	0	0	0.0496
0	0	0	0	0	0	0	0	0	0.331	0	0	0	0	0	0	0	0	0	0	0	0	0	0	0	0	0	0
0	0.0139	5.88e-05	-0.000173	-0.00275	-6.38e-05	0	0	0	0	0.565	-7.75e-05	4.19e-05	0	0	-0.000783	0.0031	0.00535	-0.00344	0	0.00322	0	0	0.0289	-0.159	-0.00347	0.00109	0
0.000349	0.00524	-4.66e-05	0.000137	0.00655	0.303	0.000393	3.15e-05	-0.000378	0	-7.75e-05	0.638	-3.32e-05	-0.000254	7.37e-05	0.00338	-0.000109	4.14e-05	1.04e-05	-0.000118	-1.66e-05	-3.99e-05	0.00304	0.000845	0.00049	1.05e-05	1.69e-05	-4.88e-05
-0.000162	-0.00981	0.0388	-0.114	0.000788	-2.73e-05	0.000212	-1.46e-05	6.52e-05	0	4.19e-05	-3.32e-05	0.225	0.00156	-1.27e-05	-0.000335	5.12e-05	-1.8e-05	-5.62e-06	-0.00652	-0.000857	6.89e-06	0.00164	0.000617	-0.000798	-5.68e-06	0.00254	8.41e-06
-5.74e-05	-0.00162	0.00219	-0.00646	0.00327	-0.00021	-6.4e-05	-5.18e-06	6.19e-05	0	0	-0.000254	0.00156	0.819	-1.21e-05	-0.00257	1.63e-05	-9.45e-06	0	0.0116	-0.0031	6.54e-06	-0.000495	0.000293	-0.000124	0	0.00914	7.99e-06
-1.88e-05	-0.00028	-1.79e-05	5.27e-05	0.000206	6.08e-05	-2.1e-05	-1.7e-06	-0.075	0	0	7.37e-05	-1.27e-05	-1.21e-05	0.211	0.000745	5.35e-06	-3.1e-06	0	-2.99e-06	0	0.123	-0.000162	5.75e-05	-2.14e-05	0	0	0.15
0.00353	0.053	-0.000471	0.00139	0.0662	0.00278	0.00397	0.000319	-0.00382	0	-0.000783	0.00338	-0.000335	-0.00257	0.000745	0.922	-0.0011	0.000418	0.000105	-0.00119	-0.000168	-0.000404	0.0307	0.00854	0.00495	0.000106	0.000171	-0.000493
0.0834	0.00207	7.19e-05	-0.000212	-0.000603	-8.96e-05	-0.000194	-0.0647	-2.75e-05	0	0.0031	-0.000109	5.12e-05	1.63e-05	5.35e-06	-0.0011	0.678	-0.0626	-0.0543	4.04e-06	0.0508	-2.9e-06	-0.0015	0.00335	-0.00338	-0.0685	0.0172	-3.54e-06
-0.0483	-8.83e-05	-2.52e-05	7.44e-05	-0.000418	3.41e-05	0.000112	0.0375	1.59e-05	0	0.00535	4.14e-05	-1.8e-05	-9.45e-06	-3.1e-06	0.000418	-0.0626	0.606	-0.0938	-2.34e-06	0.0877	1.68e-06	0.000866	0.00613	-0.00612	-0.118	0.0298	2.05e-06
0	-0.000533	0.000505	0.000197	0.000369	8.57e-06	0	0	0	0	-0.00344	1.04e-05	-5.62e-06	0	0	0.000105	-0.0543	-0.0938	0.435	0	-0.0713	0	0	-0.00388	0.00389	0.0603	-0.0242	0
-1.42e-05	0.00291	-0.00916	0.027	-0.00115	-9.72e-05	-1.58e-05	-1.28e-06	1.53e-05	0	0	-0.000118	-0.00652	0.0116	-2.99e-06	-0.00119	4.04e-06	-2.34e-06	0	0.775	0.0125	1.62e-06	-0.000122	-0.000129	0.000223	0	-0.0369	1.98e-06
0	0.000912	-0.000712	0.00371	-0.000589	-1.37e-05	0	0	0	0	0.00322	-1.66e-05	-0.000857	-0.0031	0	-0.000168	0.0508	0.0877	-0.0713	0.0125	0.46	0	0	0.00361	-0.0036	-0.0565	-0.0772	0
1.02e-05	0.000151	9.68e-06	-2.85e-05	-0.000112	-3.29e-05	1.14e-05	9.21e-07	0.0407	0	0	-3.99e-05	6.89e-06	6.54e-06	0.123	-0.000404	-2.9e-06	1.68e-06	0	1.62e-06	0	0.335	8.79e-05	-3.12e-05	1.16e-05	0	0	-0.0515
0.00526	0.0789	0.00231	-0.0068	0.00906	0.0025	-0.0562	0.000475	0.000832	0	0	0.00304	0.00164	-0.000495	-0.000162	0.0307	-0.0015	0.000866	0	-0.000122	0	8.79e-05	0.269	-0.00314	0.00604	0	0	0.000107
0.000532	0.0271	0.000867	-0.00255	-0.000673	0.000696	-0.000406	4.8e-05	-0.000295	0	0.0289	0.000845	0.000617	0.000293	5.75e-05	0.00854	0.00335	0.00613	-0.00388	-0.000129	0.00361	-3.12e-05	-0.00314	0.72	-0.0309	-0.00392	0.00131	-3.8e-05
-0.000427	-0.0205	-0.00112	0.0033	0.00405	0.000403	0.000781	-3.85e-05	0.00011	0	-0.159	0.00049	-0.000798	-0.000124	-2.14e-05	0.00495	-0.00338	-0.00612	0.00389	0.000223	-0.0036	1.16e-05	0.00604	-0.0309	0.605	0.00393	-0.00133	1.41e-05
0	-0.000539	-7.98e-06	2.35e-05	0.000373	8.66e-06	0	0	0	0	-0.00347	1.05e-05	-5.68e-06	0	0	0.000106	-0.0685	-0.118	0.0603	0	-0.0565	0	0	-0.00392	0.00393	0.405	-0.0192	0
0	-0.00105	0.00374	-0.0105	0.000601	1.4e-05	0	0	0	0	0.00109	1.69e-05	0.00254	0.00914	0	0.000171	0.0172	0.0298	-0.0242	-0.0369	-0.0772	0	0	0.00131	-0.00133	-0.0192	0.661	0
1.24e-05	0.000185	1.18e-05	-3.48e-05	-0.000136	-4.02e-05	1.39e-05	1.12e-06	0.0496	0	0	-4.88e-05	8.41e-06	7.99e-06	0.15	-0.000493	-3.54e-06	2.05e-06	0	1.98e-06	0	-0.0515	0.000107	-3.8e-05	1.41e-05	0	0	0.315
M 31
0.711	-0.00411	0	-0.000679	-0.159	0	0	0	0	0.0342	-0.0663	0	0	-0.00598	0.0934	0.000688	0.000802	0	0.00141	0	-0.0506	0	0	0.00229	-0.00313	0	0	0	0	0	0
-0.00411	0.616	0.025	-1.25e-05	-0.00294	0	-0.000138	0	0	0.00063	-0.00122	0	0	-0.00011	0.00172	1.27e-05	1.48e-05	-0.0465	2.61e-05	0	-0.000934	-0.0113	0	4.23e-05	0.419	0	0	0.00165	0	0	0
0	0.025	0.631	0	0	0	-0.00166	0	0	0	0	0	0	0	0	0	0	-0.313	0	0	0	-0.076	0	0	-0.0328	0	0	0.0199	0	0	0
-0.000679	-1.25e-05	0	0.557	0	0.00717	-0.138	0	0	-0.000982	0.0019	0	0	-0.0391	0.00192	-0.0399	0.124	0.0196	0.219	0	0.00156	-0.0805	0	-0.133	-9.52e-06	0	0	-0.0116	0	0	0
-0.159	-0.00294	0	0	0.653	0	0	0	0	-0.0224	0.0434	0	0	0	-0.111	0	0	0	0	0	0	0	0	0	-0.00223	0	0	0	0	0	0
0	0	0	0.00717	0	0.558	-0.0107	0	0	0	0	0	0	0	0	0.00153	-0.0024	-0.00175	-0.00423	0	0	0.00718	0	0.00511	0	0	0	-0.000893	0	0	0
0	-0.000138	-0.00166	-0.138	0	-0.0107	0.608	0	0	0	0	0	0	0	0	-0.0296	0.0463	-0.0274	0.0817	0	0	0.12	0	-0.0987	0.000181	0	0	-0.0216	0	0	0
0	0	0	0	0	0	0	0.134	0	0	0	0	0	0	0	0	0	0	0	0	0	0	0	0	0	0	0	0	0	0	0
0	0	0	0	0	0	0	0	0.0309	0	0	0	0	0	0	0	0	0	0	0	0	0	0	0	0	0	0	0	0	0	0
0.0342	0.00063	0	-0.000982	-0.0224	0	0	0	0	0.537	0.0239	0	0	0.00894	0.0131	9.67e-05	-0.000532	0	-0.000938	0	-0.00712	0	0	0.000323	0.000479	0	0	0	0	0	0.297
-0.0663	-0.00122	0	0.0019	0.0434	0	0	0	0	0.0239	0.503	0	0	-0.0173	-0.0255	-0.000187	0.00103	0	0.00182	0	0.0138	0	0	-0.000625	-0.000929	0	0	0	0	0	0.153
0	0	0	0	0	0	0	0	0	0	0	0.296	0	0	0	0	0	0	0	0	0	0	0	0	0	0	0	0	0	0	0
0	0	0	0	0	0	0	0	0	0	0	0	0.333	0	0	0	0	0	0	0	0	0	0	0	0	0	0	0	0	0	0
-0.00598	-0.00011	0	-0.0391	0	0	0	0	0	0.00894	-0.0173	0	0	0.899	0	0	-0.0284	0	-0.0502	0	0	0	0	0	-8.38e-05	0	0	0	0	0	0
0.0934	0.00172	0	0.00192	-0.111	0	0	0	0	0.0131	-0.0255	0	0	0	0.652	-0.00108	-0.000643	0	-0.00113	0	0.0797	0	0	-0.00361	0.00131	0	0	0	0	0	0
0.000688	1.27e-05	0	-0.0399	0	0.00153	-0.0296	0	0	9.67e-05	-0.000187	0	0	0	-0.00108	0.0689	0.0134	0.00419	0.0236	0	-0.000881	-0.0172	0	0.146	9.64e-06	0	0	-0.00248	0	0	0
0.000802	1.48e-05	0	0.124	0	-0.0024	0.0463	0	0	-0.000532	0.00103	0	0	-0.0284	-0.000643	0.0134	0.83	-0.00655	-0.0419	0	-0.000523	0.0269	0	0.0446	1.13e-05	0	0	0.00387	0	0	0
0	-0.0465	-0.313	0.0196	0	-0.00175	-0.0274	0	0	0	0	0	0	0	0	0.00419	-0.00655	0.66	-0.0116	0	0	0.0453	0	0.014	0.0611	0	0	-0.0231	0	0	0
0.00141	2.61e-05	0	0.219	0	-0.00423	0.0817	0	0	-0.000938	0.00182	0	0	-0.0502	-0.00113	0.0236	-0.0419	-0.0116	0.78	0	-0.000923	0.0475	0	0.0786	1.98e-05	0	0	0.00683	0	0	0
0	0	0	0	0	0	0	0	0	0	0	0	0	0	0	0	0	0	0	0.348	0	0	0	0	0	0	0	0	0	0	0
-0.0506	-0.000934	0	0.00156	0	0	0	0	0	-0.00712	0.0138	0	0	0	0.0797	-0.000881	-0.000523	0	-0.000923	0	0.511	0	0	-0.00294	-0.00071	0	0	0	0	0	0
0	-0.0113	-0.076	-0.0805	0	0.00718	0.12	0	0	0	0	0	0	0	0	-0.0172	0.0269	0.0453	0.0475	0	0	0.485	0	-0.0574	0.0149	0	0	0.005	0	0	0
0	0	0	0	0	0	0	0	0	0	0	0	0	0	0	0	0	0	0	0	0	0	0.177	0	0	0	0	0	0	0	0
0.00229	4.23e-05	0	-0.133	0	0.00511	-0.0987	0	0	0.000323	-0.000625	0	0	0	-0.00361	0.146	0.0446	0.014	0.0786	0	-0.00294	-0.0574	0	0.512	3.22e-05	0	0	-0.00826	0	0	0
-0.00313	0.419	-0.0328	-9.52e-06	-0.00223	0	0.000181	0	0	0.000479	-0.000929	0	0	-8.38e-05	0.00131	9.64e-06	1.13e-05	0.0611	1.98e-05	0	-0.00071	0.0149	0	3.22e-05	0.383	0	0	-0.00217	0	0	0
0	0	0	0	0	0	0	0	0	0	0	0	0	0	0	0	0	0	0	0	0	0	0	0	0	0.898	0	0	0	0	0
0	0	0	0	0	0	0	0	0	0	0	0	0	0	0	0	0	0	0	0	0	0	0	0	0	0	0.118	0	0	0	0
0	0.00165	0.0199	-0.0116	0	-0.000893	-0.0216	0	0	0	0	0	0	0	0	-0.00248	0.00387	-0.0231	0.00683	0	0	0.005	0	-0.00826	-0.00217	0	0	0.864	0	0	0
0	0	0	0	0	0	0	0	0	0	0	0	0	0	0	0	0	0	0	0	0	0	0	0	0	0	0	0	0.54	0	0
0	0	0	0	0	0	0	0	0	0	0	0	0	0	0	0	0	0	0	0	0	0	0	0	0	0	0	0	0	0.707	0
0	0	0	0	0	0	0	0	0	0.297	0.153	0	0	0	0	0	0	0	0	0	0	0	0	0	0	0	0	0	0	0	0.751
M 34
0.316	0.00851	0	-0.0176	0.0676	0.0334	-0.0291	-0.00518	0	0.0111	-0.133	-0.00351	0.0765	-0.0237	-0.0157	0.01	-0.0619	0	0.00831	0	0	0.00857	-0.0376	0.000119	-0.0629	0.118	0.0192	0	-0.012	0	0.0115	0.032	0	-0.0104
0.00851	0.449	0	-0.0173	0.00117	-0.0219	-0.0382	0.00605	0	-0.208	0.00014	-0.0103	0	-0.03	0.00654	0.0126	-0.0245	0	-0.0187	0	0	0.0206	0.00784	0	0.00182	-0.0036	0.00758	0	0.0648	0	-0.013	-0.000927	0	-0.0132
0	0	0.798	0.000898	0	-0.00085	-0.00518	-0.00592	0	0	-0.0013	-0.00367	0	0.00817	-0.000345	-0.0129	0	0	0	0	0	-0.001	0.00261	0	0	-5.38e-05	0	0	-0.000606	0	-0.00432	0	0	-0.0144
-0.0176	-0.0173	0.000898	0.624	0.00935	0.107	0.00979	-0.0359	0	-0.0226	-0.0112	0.00527	-0.0252	-0.0913	0.0526	0.00792	0.0251	0	-0.00315	0	0	-0.0545	-0.00898	1.83e-05	-0.00624	0.00901	0.0387	0	0.0901	0	0.00702	-0.00655	0	-0.0201
0.0676	0.00117	0	0.00935	0.495	0.00536	-0.00401	-0.000713	0	0.00153	-0.0182	-0.000684	0.0105	-0.00327	-0.00283	0.00138	-0.00852	0	0.00114	0	0	0.002	-0.0494	0.000249	-0.00866	0.184	0.00264	0	-0.00111	0	-0.025	0.00441	0	-0.00143
0.0334	-0.0219	-0.00085	0.107	0.00536	0.639	-0.0226	0.00914	0	-0.0286	0.0145	-0.0166	0.00653	0.0775	-0.0438	0.0166	-0.0145	0	-0.0375	0	0	0.0587	0.0143	1.21e-06	0.00977	-0.0227	-0.0395	0	-0.0745	0	-0.0243	-0.00497	0	0.0151
-0.0291	-0.0382	-0.00518	0.00979	-0.00401	-0.0226	0.322	-0.00478	0	-0.0499	-0.00549	0.0212	-0.0196	0.0569	0.00305	-0.00832	0.000938	0	-0.00796	0	0	-0.013	-0.0168	0	-0.00623	0.0153	-0.156	0	0.0183	0	0.0278	0.00317	0	-0.0906
-0.00518	0.00605	-0.00592	-0.0359	-0.000713	0.00914	-0.00478	0.757	0	0.0079	0.00623	0.0151	-0.0477	0.038	-0.075	-0.21	-0.0031	0	0.00149	0	0	0.00621	-0.0106	0	0.0222	0.00497	0.0247	0	7.81e-05	0	0.0176	0.111	0	-0.115
0	0	0	0	0	0	0	0	0.799	0	0	0	0	0	0	0	0	0	0	0	0	0	0	0	0	0	0	0	0	0	0	0	0	0
0.0111	-0.208	0	-0.0226	0.00153	-0.0286	-0.0499	0.0079	0	0.336	0.000183	-0.0135	0	-0.0392	0.00854	0.0164	-0.032	0	-0.0244	0	0	0.0269	0.0102	0	0.00238	-0.0047	0.00991	0	0.0847	0	-0.017	-0.00121	0	-0.0172
-0.133	0.00014	-0.0013	-0.0112	-0.0182	0.0145	-0.00549	0.00623	0	0.000183	0.548	0.0106	0.0584	0.00794	-0.0132	0.0148	-0.0193	0	0.00289	0	0	-0.0149	0.0543	0.000958	-0.0035	0.0729	0.0157	0	-0.00217	0	-0.0901	0.00178	0	-0.0256
-0.00351	-0.0103	-0.00367	0.00527	-0.000684	-0.0166	0.0212	0.0151	0	-0.0135	0.0106	0.114	0.0681	0.0521	-0.0244	0.0331	0.0236	0	-0.00229	0	0	-0.0148	-0.0244	-0.00546	-0.00073	0.0013	0.0201	0	-0.00196	0	0.0408	0.000372	0	-0.0588
0.0765	0	0	-0.0252	0.0105	0.00653	-0.0196	-0.0477	0	0	0.0584	0.0681	0.834	-0.0287	-0.0222	-0.0372	0.0627	0	-0.00255	0	0	0.0283	-0.0439	0	0.0164	-0.0401	-0.0194	0	0.0156	0	0.0728	-0.0167	0	-0.0126
-0.0237	-0.03	0.00817	-0.0913	-0.00327	0.0775	0.0569	0.038	0	-0.0392	0.00794	0.0521	-0.0287	0.475	0.0448	0.0846	0.0574	0	-0.00623	0	0	0.102	-0.0385	0	-0.00508	0.0184	0.062	0	0.0821	0	0.0639	0.00258	0	0.04
-0.0157	0.00654	-0.000345	0.0526	-0.00283	-0.0438	0.00305	-0.075	0	0.00854	-0.0132	-0.0244	-0.0222	0.0448	0.727	0.057	-0.0295	0	0.00195	0	0	0.0115	0.0169	-5.77e-07	-0.0022	0.00474	-0.00873	0	-0.0396	0	-0.0277	-0.0243	0	0.012
0.01	0.0126	-0.0129	0.00792	0.00138	0.0166	-0.00832	-0.21	0	0.0164	0.0148	0.0331	-0.0372	0.0846	0.057	0.396	-0.00228	0	0.00265	0	0	0.0151	-0.0231	0	-0.00853	-0.00593	0.0526	0	0.00041	0	0.0384	-0.0516	0	-0.25
-0.0619	-0.0245	0	0.0251	-0.00852	-0.0145	0.000938	-0.0031	0	-0.032	-0.0193	0.0236	0.0627	0.0574	-0.0295	-0.00228	0.259	0	0.00681	0	0	-0.0451	-0.0205	0	-0.0132	0.0322	0.0392	0	-0.0397	0	0.0339	0.00674	0	0.0252
0	0	0	0	0	0	0	0	0	0	0	0	0	0	0	0	0	0.723	0	0	0	0	0	0	0	0	0	0	0	0	0	0	0	0
0.00831	-0.0187	0	-0.00315	0.00114	-0.0375	-0.00796	0.00149	0	-0.0244	0.00289	-0.00229	-0.00255	-0.00623	0.00195	0.00265	0.00681	0	0.951	0	0	0.0051	0.00213	0	0.00178	-0.00433	-0.00211	0	0.059	0	-0.00353	-0.000905	0	-0.00274
0	0	0	0	0	0	0	0	0	0	0	0	0	0	0	0	0	0	0	0.117	0	0	0	0	0	0	0	0	0	0	0	0	0	0
0	0	0	0	0	0	0	0	0	0	0	0	0	0	0	0	0	0	0	0	0.387	0	0	0	0	0	0	0	0	0	0	0	0.0677	0
0.00857	0.0206	-0.001	-0.0545	0.002	0.0587	-0.013	0.00621	0	0.0269	-0.0149	-0.0148	0.0283	0.102	0.0115	0.0151	-0.0451	0	0.0051	0	0	0.388	0.00922	0	-0.00462	-0.00214	-0.0379	0	0.0198	0	-0.0153	0.00235	0	0.0224
-0.0376	0.00784	0.00261	-0.00898	-0.0494	0.0143	-0.0168	-0.0106	0	0.0102	0.0543	-0.0244	-0.0439	-0.0385	0.0169	-0.0231	-0.0205	0	0.00213	0	0	0.00922	0.15	-0.00213	8.83e-05	-0.0448	-0.0132	0	0.00104	0	-0.0162	-4.49e-05	0	0.0412
0.000119	0	0	1.83e-05	0.000249	1.21e-06	0	0	0	0	0.000958	-0.00546	0	0	-5.77e-07	0	0	0	0	0	0	0	-0.00213	0.0792	0	0.000281	0	0	8.63e-07	0	0.00305	0	0	0
-0.0629	0.00182	0	-0.00624	-0.00866	0.00977	-0.00623	0.0222	0	0.00238	-0.0035	-0.00073	0.0164	-0.00508	-0.0022	-0.00853	-0.0132	0	0.00178	0	0	-0.00462	8.83e-05	0	0.534	0.0346	0.0041	0	-0.000708	0	-0.000146	-0.0855	0	-0.00223
0.118	-0.0036	-5.38e-05	0.00901	0.184	-0.0227	0.0153	0.00497	0	-0.0047	0.0729	0.0013	-0.0401	0.0184	0.00474	-0.00593	0.0322	0	-0.00433	0	0	-0.00214	-0.0448	0.000281	0.0346	0.521	-0.0128	0	0.00252	0	-0.0461	-0.017	0	0.00688
0.0192	0.00758	0	0.0387	0.00264	-0.0395	-0.156	0.0247	0	0.00991	0.0157	0.0201	-0.0194	0.062	-0.00873	0.0526	0.0392	0	-0.00211	0	0	-0.0379	-0.0132	0	0.0041	-0.0128	0.373	0	-0.019	0	0.0218	-0.00209	0	0.0273
0	0	0	0	0	0	0	0	0	0	0	0	0	0	0	0	0	0	0	0	0	0	0	0	0	0	0	0.735	0	0	0	0	0	0
-0.012	0.0648	-0.000606	0.0901	-0.00111	-0.0745	0.0183	7.81e-05	0	0.0847	-0.00217	-0.00196	0.0156	0.0821	-0.0396	0.00041	-0.0397	0	0.059	0	0	0.0198	0.00104	8.63e-07	-0.000708	0.00252	-0.019	0	0.663	0	-0.00209	0.00036	0	0.0226
0	0	0	0	0	0	0	0	0	0	0	0	0	0	0	0	0	0	0	0	0	0	0	0	0	0	0	0	0	0.867	0	0	0	0
0.0115	-0.013	-0.00432	0.00702	-0.025	-0.0243	0.0278	0.0176	0	-0.017	-0.0901	0.0408	0.0728	0.0639	-0.0277	0.0384	0.0339	0	-0.00353	0	0	-0.0153	-0.0162	0.00305	-0.000146	-0.0461	0.0218	0	-0.00209	0	0.167	7.45e-05	0	-0.0683
0.032	-0.000927	0	-0.00655	0.00441	-0.00497	0.00317	0.111	0	-0.00121	0.00178	0.000372	-0.0167	0.00258	-0.0243	-0.0516	0.00674	0	-0.000905	0	0	0.00235	-4.49e-05	0	-0.0855	-0.017	-0.00209	0	0.00036	0	7.45e-05	0.447	0	0.00114
0	0	0	0	0	0	0	0	0	0	0	0	0	0	0	0	0	0	0	0	0.0677	0	0	0	0	0	0	0	0	0	0	0	0.623	0
-0.0104	-0.0132	-0.0144	-0.0201	-0.00143	0.0151	-0.0906	-0.115	0	-0.0172	-0.0256	-0.0588	-0.0126	0.04	0.012	-0.25	0.0252	0	-0.00274	0	0	0.0224	0.0412	0	-0.00223	0.00688	0.0273	0	0.0226	0	-0.0683	0.00114	0	0.495
M 37
0.637	0	0	0	0	-0.0513	-0.00936	0	0.00796	0	0	0	0	0	0	0	0	0	0	0	0	0	0	0.017	0	0.000716	0.000994	0	0.00474	0.00329	0	-0.00299	0	0.0193	-0.0485	0	0.00174
0	0.299	0	0	0	0	0.0488	0	0.0574	0	0	0	0.0298	0	0	-0.0086	0.00743	0	0	-0.00533	0	0	0	0	0	-0.028	-0.164	0	0.00424	0	0	0	0	0	0	0.0204	0.0936
0	0	0.22	0	0	0	0	0	0	0	0	0	0	0	0	0	0	0	0	0	0	0	0	0	0	0	0	0	0	0	0	0	-0.182	0	0	0	0
0	0	0	0.84	0	0	0.00275	0	0.00324	0	0	0	-0.00703	0	-0.00866	0	0	0	0.014	0	0	-0.0414	-0.119	0.0578	-0.00608	0	0	-0.0328	0	0	0	0	0	-0.0507	0	-0.00542	0
0	0	0	0	0.335	0	0	0	0	0	0	-0.0424	0	0	0	0	0	0	0	0	0	0	0	0	0	0	0	0	0	0	0	0	0	0	0	0	0
-0.0513	0	0	0	0	0.611	0	0	0	0	0	0	0	0	0	0	0	0	0	0	0	0	0	0.0382	0	0.000337	0	0	0.00223	0	0	-0.0014	0	0.0435	-0.0228	0	0
-0.00936	0.0488	0	0.00275	0	0	0.313	0	-0.144	0	0	0	-0.061	0	0	0.00118	-0.00102	0	-0.00219	0.000733	0	0.00649	-0.00074	-0.0021	0	0.00355	0.0285	-0.00911	-0.00261	0.0287	-0.0347	-0.0331	0	0.00185	0.0229	-0.0467	0.00388
0	0	0	0	0	0	0	0.809	0	0	0	0	0	0	0	0	0	0	0	0	0	0	0	0	0	0	0	0	0	0	0	0	0	0	0	0	0
0.00796	0.0574	0	0.00324	0	0	-0.144	0	0.266	0	0	0	-0.0718	0	0	0.00139	-0.0012	0	0.00186	0.000862	0	-0.00552	-0.000871	-0.00248	0	0.00479	0.0159	0.00774	0.00104	-0.0244	0.0295	0.0281	0	0.00217	-0.0195	-0.0549	-0.0262
0	0	0	0	0	0	0	0	0	0.341	0.202	0	0	0	0	0	0	0	0	0	0	0	0	0	0	0	0	0	0	0	0	0	0	0	0	0	0
0	0	0	0	0	0	0	0	0	0.202	0.304	0	0	0	0	0	0	0	0	0	0	0	0	0	0	0	0	0	0	0	0	0	0	0	0	0	0
0	0	0	0	-0.0424	0	0	0	0	0	0	0.532	0	0	0	0	0	0	0	0	0	0	0	0	0	0	0	0	0	0	0	0	0	0	0	0	0
0	0.0298	0	-0.00703	0	0	-0.061	0	-0.0718	0	0	0	0.413	0	0	-0.0041	0.00354	0	0	-0.00254	0	0	0.00189	0.00538	0	0.000677	0.0122	0	-0.000102	0	0	0	0	-0.00472	0	-0.103	-0.00696
0	0	0	0	0	0	0	0	0	0	0	0	0	0.563	0	-0.0489	0.0423	0	0	0.138	0	0	0	0	0	0	-0.0818	0	0	0.101	0	0	0	0	0	0	-0.143
0	0	0	-0.00866	0	0	0	0	0	0	0	0	0	0	0.748	0	0	0	-0.00767	0	0	0.0227	-0.0322	0	0.234	0	0	0.018	0	0	0	0	0	0	0	0	0
0	-0.0086	0	0	0	0	0.00118	0	0.00139	0	0	0	-0.0041	-0.0489	0	0.274	-0.0158	0	0	0.0163	0	0	0	0	0	0.105	0.00651	0	-0.0159	-0.0129	0	0	0	0	0	0.00675	0.0206
0	0.00743	0	0	0	0	-0.00102	0	-0.0012	0	0	0	0.00354	0.0423	0	-0.0158	0.269	0	0	-0.0141	0	0	0	0	0	-0.0911	-0.00563	0	0.0138	0.0111	0	0	0	0	0	-0.00583	-0.0178
0	0	0	0	0	0	0	0	0	0	0	0	0	0	0	0	0	0.0205	0	0	0	0	0	0	0	0	0	0	0	0	0	0	0	0	0	0	0
0	0	0	0.014	0	0	-0.00219	0	0.00186	0	0	0	0	0	-0.00767	0	0	0	0.879	0	0	0.131	0.0519	0	-0.00539	0	-0.00237	0.0587	0	-0.00783	-0.0188	-0.0177	0	0	0.00109	0	-0.00414
0	-0.00533	0	0	0	0	0.000733	0	0.000862	0	0	0	-0.00254	0.138	0	0.0163	-0.0141	0	0	0.252	0	0	0	0	0	0.0653	-0.032	0	-0.00989	0.0363	0	0	0	0	0	0.00418	-0.0503
0	0	0	0	0	0	0	0	0	0	0	0	0	0	0	0	0	0	0	0	0.933	0	0	0	0	0	0	0	0	0	0	0	0	0	0	0	0
0	0	0	-0.0414	0	0	0.00649	0	-0.00552	0	0	0	0	0	0.0227	0	0	0	0.131	0	0	0.535	-0.154	0	0.016	0	0.00701	-0.174	0	0.0232	0.0557	0.0526	0	0	-0.00324	0	0.0123
0	0	0	-0.119	0	0	-0.00074	0	-0.000871	0	0	0	0.00189	0	-0.0322	0	0	0	0.0519	0	0	-0.154	0.429	-0.0155	-0.0226	0	0	-0.122	0	0	0	0	0	0.0136	0	0.00146	0
0.017	0	0	0.0578	0	0.0382	-0.0021	0	-0.00248	0	0	0	0.00538	0	0	0	0	0	0	0	0	0	-0.0155	0.761	0	-0.000112	0	0	-0.000737	0	0	0.000465	0	-0.13	0.00754	0.00415	0
0	0	0	-0.00608	0	0	0	0	0	0	0	0	0	0	0.234	0	0	0	-0.00539	0	0	0.016	-0.0226	0	0.579	0	0	0.0127	0	0	0	0	0	0	0	0	0
0.000716	-0.028	0	0	0	0.000337	0.00355	0	0.00479	0	0	0	0.000677	0	0	0.105	-0.0911	0	0	0.0653	0	0	0	-0.000112	0	0.579	-0.0129	0	-0.0206	0.000108	0	-0.000255	0	-0.000127	-0.00414	0.00378	0.00745
0.000994	-0.164	0	0	0	0	0.0285	0	0.0159	0	0	0	0.0122	-0.0818	0	0.00651	-0.00563	0	-0.00237	-0.032	0	0.00701	0	0	0	-0.0129	0.607	-0.00984	0.00217	-0.00626	-0.0374	-0.0372	0	0	8.09e-05	0.00817	-0.0133
0	0	0	-0.0328	0	0	-0.00911	0	0.00774	0	0	0	0	0	0.018	0	0	0	0.0587	0	0	-0.174	-0.122	0	0.0127	0	-0.00984	0.597	0	-0.0326	-0.0781	-0.0738	0	0	0.00455	0	-0.0172
0.00474	0.00424	0	0	0	0.00223	-0.00261	0	0.00104	0	0	0	-0.000102	0	0	-0.0159	0.0138	0	0	-0.00989	0	0	0	-0.000737	0	-0.0206	0.00217	0	0.446	0.000714	0	-0.00169	0	-0.00084	-0.0274	-0.000572	-0.000741
0.00329	0	0	0	0	0	0.0287	0	-0.0244	0	0	0	0	0.101	0	-0.0129	0.0111	0	-0.00783	0.0363	0	0.0232	0	0	0	0.000108	-0.00626	-0.0326	0.000714	0.571	-0.124	-0.123	0	0	0.000268	0	-0.011
0	0	0	0	0	0	-0.0347	0	0.0295	0	0	0	0	0	0	0	0	0	-0.0188	0	0	0.0557	0	0	0	0	-0.0374	-0.0781	0	-0.124	0.47	-0.281	0	0	0.0173	0	-0.0655
-0.00299	0	0	0	0	-0.0014	-0.0331	0	0.0281	0	0	0	0	0	0	0	0	0	-0.0177	0	0	0.0526	0	0.000465	0	-0.000255	-0.0372	-0.0738	-0.00169	-0.123	-0.281	0.474	0	0.00053	0.0153	0	-0.0652
0	0	-0.182	0	0	0	0	0	0	0	0	0	0	0	0	0	0	0	0	0	0	0	0	0	0	0	0	0	0	0	0	0	0.648	0	0	0	0
0.0193	0	0	-0.0507	0	0.0435	0.00185	0	0.00217	0	0	0	-0.00472	0	0	0	0	0	0	0	0	0	0.0136	-0.13	0	-0.000127	0	0	-0.00084	0	0	0.00053	0	0.727	0.0086	-0.00364	0
-0.0485	0	0	0	0	-0.0228	0.0229	0	-0.0195	0	0	0	0	0	0	0	0	0	0.00109	0	0	-0.00324	0	0.00754	0	-0.00414	8.09e-05	0.00455	-0.0274	0.000268	0.0173	0.0153	0	0.0086	0.72	0	0.000142
0	0.0204	0	-0.00542	0	0	-0.0467	0	-0.0549	0	0	0	-0.103	0	0	0.00675	-0.00583	0	0	0.00418	0	0	0.00146	0.00415	0	0.00378	0.00817	0	-0.000572	0	0	0	0	-0.00364	0	0.468	-0.00467
0.00174	0.0936	0	0	0	0	0.00388	0	-0.0262	0	0	0	-0.00696	-0.143	0	0.0206	-0.0178	0	-0.00414	-0.0503	0	0.0123	0	0	0	0.00745	-0.0133	-0.0172	-0.000741	-0.011	-0.0655	-0.0652	0	0	0.000142	-0.00467	0.591
M 40
0.501	-0.000525	0.0344	-0.000345	0.091	0.00649	0.000776	0.00936	0	-0.0154	-0.00398	0.0192	-0.00403	0.0112	0.00104	0.0128	0.0673	-0.0344	-0.0154	0.221	-0.0603	-0.049	-0.0103	-0.00528	0.00521	0.0208	-0.0218	0.0283	-0.0205	-0.00662	0.0248	0.017	0.00622	-0.00737	0	0.0663	-0.00598	-0.0596	-0.0749	0.0466
-0.000525	0.3	0.012	0.0038	-0.0112	0.00646	-0.00083	0.0266	0	-0.000752	-0.033	-0.0162	0.00493	0.0498	0.0509	0.00482	0.0261	0.0222	0.00387	-0.000187	0.042	0.0251	0.0214	0.0251	0.0265	-0.0142	-0.000859	0.13	-0.0028	0.0052	0.00453	0.0623	0.0373	0.00993	0	0.001	0.00383	0.0105	0.00971	-0.000158
0.0344	0.012	0.493	0.0232	0.0182	0.121	0.00301	0.015	0	0.174	-0.00023	0.0078	0.0483	-0.0281	0.000572	0.0595	0.0301	0.00288	-0.0327	-0.000537	-0.0185	0.0168	0.0033	0.0138	0.000302	-0.000713	-0.00512	6.72e-05	-0.0284	0.000651	-0.035	0.0046	0.000361	0.0758	0	-0.000336	0.00483	-0.0894	-0.0332	0.00897
-0.000345	0.0038	0.0232	0.619	-0.0197	-0.0454	-0.14	0.0217	0	0.00466	6.03e-05	9.5e-06	-0.00342	-0.0254	0.011	-0.0481	0.0282	-0.0191	-0.0745	-8.05e-06	0.0169	-0.0733	-0.0232	0.00831	-2.65e-05	0.000454	0.000537	-0.00141	0.0115	-0.000314	-0.096	0.00167	-3.16e-05	0.0828	0	0.0262	0.000165	-0.00884	-0.0176	-0.0157
0.091	-0.0112	0.0182	-0.0197	0.422	0.0424	0.0118	-0.116	0	-0.0447	0.017	-0.0077	0.0504	-0.0176	0.0254	-0.0322	0.0147	0.0527	-0.0513	0.153	0.111	0.00477	0.0131	-0.0353	-0.0292	-0.0315	-0.000758	-0.0304	0.0881	0.0115	-0.0369	-0.0295	0.0122	0.0498	0	0.0785	0	0.0124	-0.0532	-0.0691
0.00649	0.00646	0.121	-0.0454	0.0424	0.329	0.0235	-0.0358	0	0.0182	0.000236	-0.00251	-0.0289	0.0314	-0.0141	0.0307	-0.0298	-0.00282	-0.0204	-3.14e-05	-0.0236	-0.0304	0.044	-0.00266	-0.000103	0.00177	0.00532	-0.000572	-0.0104	-0.00122	-0.0217	0.00286	-0.000123	0.157	0	0.00933	0.000645	-0.0137	0.0187	-0.00717
0.000776	-0.00083	0.00301	-0.14	0.0118	0.0235	0.325	-0.0119	0	0	0	-0.000253	-0.00154	0.0129	-0.00565	0.0217	-0.0139	0.0071	0.0268	0	-0.00888	0.0254	0.0133	-0.00348	0	0	0.00032	0.000488	-0.00548	0	0.035	-0.000364	0	-0.0165	0	-0.0092	0	0.00206	0.00865	0.00536
0.00936	0.0266	0.015	0.0217	-0.116	-0.0358	-0.0119	0.445	0	-0.00265	-0.143	0.00543	-0.00492	0.017	0.00922	0.0722	0.172	0.0152	0.0596	0	-0.0296	0.0689	0.111	-0.124	-0.0621	0	0.00159	-0.0167	0.0283	0	0.108	0.00349	0.0457	-0.0404	0	-0.0274	0	0.0103	0.00172	-0.013
0	0	0	0	0	0	0	0	0.477	0	0	0	0	0	0	0	0	0	0	0	0	0	0	0	0	0	0	0	0	0	0	0	0	0	0	0	0	0	0	0
-0.0154	-0.000752	0.174	0.00466	-0.0447	0.0182	0	-0.00265	0	0.492	0.00189	0.00044	0.0175	-0.00792	-0.000677	0.0162	-0.0307	0.0182	-0.00175	-0.106	0.0561	-0.0175	0.00417	0.0044	-0.00247	-0.0152	-0.00418	-0.013	-0.0191	0.00721	-0.0138	-0.00831	-0.00295	-0.0493	0	-0.0482	0	-0.147	-0.0131	-0.0153
-0.00398	-0.033	-0.00023	6.03e-05	0.017	0.000236	0	-0.143	0	0.00189	0.265	-0.00475	-0.00185	-0.143	0.0325	9.95e-05	-0.0177	-0.00692	-0.0149	0	-4.08e-05	0.000163	-0.035	-0.106	-0.0553	0	-2.45e-05	0.012	-1.86e-05	0	0.0106	-0.00112	0.0508	0.000335	0	-0.00315	0	-0.000158	-2.83e-05	0
0.0192	-0.0162	0.0078	9.5e-06	-0.0077	-0.00251	-0.000253	0.00543	0	0.00044	-0.00475	0.388	-0.0243	0.0126	0.00313	-0.0138	-0.00179	0.00227	0.000392	0.000839	0.00839	0.00467	0.00103	-0.000769	0.00623	-0.00199	0.00562	0.0338	0.0136	0.000365	0.00649	0.015	0.00743	-0.00817	0	-0.00123	-0.0192	-0.0159	0.00361	0.0148
-0.00403	0.00493	0.0483	-0.00342	0.0504	-0.0289	-0.00154	-0.00492	0	0.0175	-0.00185	-0.0243	0.528	-0.0126	0.00144	-0.0171	0.0251	-0.0258	0.0298	0.11	-0.0357	-0.0218	0.0367	0.0173	0.00243	0.0127	0.0398	0.0142	-0.039	-0.005	0.00908	0.00925	0.0029	-0.0801	0	0.0487	0.0119	-0.0565	0.0255	-0.0908
0.0112	0.0498	-0.0281	-0.0254	-0.0176	0.0314	0.0129	0.017	0	-0.00792	-0.143	0.0126	-0.0126	0.557	0.00909	-0.0709	0.023	0.0244	-0.0691	4.88e-06	0.0257	-0.0609	0.074	0.0539	0.0582	0.000699	0.00301	-0.0218	-0.0633	-0.000388	-0.123	-0.000305	-0.0571	0.0393	0	0.0261	-0.0001	0.00218	-0.00201	-0.0617
0.00104	0.0509	0.000572	0.011	0.0254	-0.0141	-0.00565	0.00922	0	-0.000677	0.0325	0.00313	0.00144	0.00909	0.664	0.017	-0.00436	0.0628	-0.0222	2.07e-05	-0.0118	0.0167	0.0239	-0.021	-0.171	0.00158	-0.000151	-0.0176	-0.0401	-0.000577	0.0582	-0.00748	0.135	-0.015	0	-0.0152	-0.000425	0.000131	0.0355	0.0293
0.0128	0.00482	0.0595	-0.0481	-0.0322	0.0307	0.0217	0.0722	0	0.0162	9.95e-05	-0.0138	-0.0171	-0.0709	0.017	0.492	0.0788	0.0326	-0.0327	-2.15e-05	-0.0169	-0.0677	-0.0747	0.00531	-0.000131	-0.0118	0.0039	-0.000788	0.0198	-0.0187	-0.0526	-0.00054	-0.000156	0.0283	0	0.0298	0.00044	0.0541	0.0471	0.0191
0.0673	0.0261	0.0301	0.0282	0.0147	-0.0298	-0.0139	0.172	0	-0.0307	-0.0177	-0.00179	0.0251	0.023	-0.00436	0.0788	0.37	-0.00599	0.0916	0.0984	0.0307	0.105	-0.0507	0.0893	0.0357	-0.0203	0.00146	-0.0326	0.0101	0.00744	0.109	-0.0143	-0.0424	-0.0301	0	0.0169	0	0.0206	0.0206	-0.00491
-0.0344	0.0222	0.00288	-0.0191	0.0527	-0.00282	0.0071	0.0152	0	0.0182	-0.00692	0.00227	-0.0258	0.0244	0.0628	0.0326	-0.00599	0.53	0.0206	-0.0621	-0.0531	-0.00465	-0.0262	0.0593	0.0119	0.0128	0.0014	0.0219	0.224	-0.00469	0.0152	-0.00409	-0.00495	-0.0103	0	-0.0305	0	0.00197	-0.143	-0.148
-0.0154	0.00387	-0.0327	-0.0745	-0.0513	-0.0204	0.0268	0.0596	0	-0.00175	-0.0149	0.000392	0.0298	-0.0691	-0.0222	-0.0327	0.0916	0.0206	0.272	-1.04e-06	0.0137	0.0291	-0.0868	0.0633	0.0324	-7.95e-05	-0.00622	0.00388	-0.00806	2.91e-05	0.203	0.00593	-0.0266	-0.0528	0	-0.0562	2.14e-05	-0.0224	0.0232	-0.0335
0.221	-0.000187	-0.000537	-8.05e-06	0.153	-3.14e-05	0	0	0	-0.106	0	0.000839	0.11	4.88e-06	2.07e-05	-2.15e-05	0.0984	-0.0621	-1.04e-06	0.439	8.81e-06	-3.52e-05	-5.93e-06	1.28e-05	0	0	0.000242	7.28e-07	-0.0134	0	0.0272	-6.24e-05	0	-4.47e-05	0	0.0921	-0.00125	-0.00113	-0.0204	0
-0.0603	0.042	-0.0185	0.0169	0.111	-0.0236	-0.00888	-0.0296	0	0.0561	-4.08e-05	0.00839	-0.0357	0.0257	-0.0118	-0.0169	0.0307	-0.0531	0.0137	8.81e-06	0.496	0.0252	0.0348	-0.00303	5.35e-05	-0.0335	0.000883	0.000496	0.00116	-0.0415	0.0214	0.0149	6.38e-05	-0.0197	0	-0.00704	-0.000181	0.00857	-0.0036	-0.00935
-0.049	0.0251	0.0168	-0.0733	0.00477	-0.0304	0.0254	0.0689	0	-0.0175	0.000163	0.00467	-0.0218	-0.0609	0.0167	-0.0677	0.105	-0.00465	0.0291	-3.52e-05	0.0252	0.522	-0.0836	0.000506	-0.000214	0.000854	-0.000474	-3.8e-05	0.0146	-0.0003	0.0528	0.00683	-0.000255	-0.0753	0	-0.0179	0.000723	-0.0224	-0.0193	0.0347
-0.0103	0.0214	0.0033	-0.0232	0.0131	0.044	0.0133	0.111	0	0.00417	-0.035	0.00103	0.0367	0.074	0.0239	-0.0747	-0.0507	-0.0262	-0.0868	-5.93e-06	0.0348	-0.0836	0.521	-0.0554	-0.0822	-0.000848	-0.00694	-0.00963	0.0602	0.000471	-0.0713	0.00476	0.0661	0.0434	0	0.0251	0.000122	-0.0238	-0.023	0.0749
-0.00528	0.0251	0.0138	0.00831	-0.0353	-0.00266	-0.00348	-0.124	0	0.0044	-0.106	-0.000769	0.0173	0.0539	-0.021	0.00531	0.0893	0.0593	0.0633	1.28e-05	-0.00303	0.000506	-0.0554	0.544	0.167	0.00066	-0.00329	-0.0109	0.0141	-0.000116	-0.00539	-0.00642	-0.145	-0.00647	0	0.00598	-0.000262	-0.0111	0.00955	0.0861
0.00521	0.0265	0.000302	-2.65e-05	-0.0292	-0.000103	0	-0.0621	0	-0.00247	-0.0553	0.00623	0.00243	0.0582	-0.171	-0.000131	0.0357	0.0119	0.0324	0	5.35e-05	-0.000214	-0.0822	0.167	0.416	0	3.21e-05	0.0117	-0.000361	0	-0.023	0.0161	0.123	-0.000147	0	0.00664	0	0.000207	-0.00055	0
